N,alpha,beta,gamma
3.1573953656022593,1.0088182512510937,1.7994771139397678,2.101203601724772
2.16438744451871,0.8173176137782395,1.65287510476699,2.1044453109997936
3.7919773215276207,1.1051445463269882,1.8455453426228157,2.1069628162471274
3.9040570847416887,1.0954707879051404,1.9896060599479677,2.0662315545893444
4.224131658504829,1.144464627635542,2.007032214420312,2.0599433896789425
2.1661801902407687,0.8373128126890322,1.5915204236801366,2.130057077625225
1.8497202030958657,0.7467363183369996,1.5591422480453438,2.131367128178092
2.0824329209859824,0.8211227782672954,1.5591786011200632,2.135458138197993
3.6949823842535436,1.0681918066912341,1.9034198394812147,2.0903895514626987
3.0365525841270338,0.9952718870434084,1.764622693309772,2.1045605227021293
4.424279625962652,1.149514974537885,2.0309670832100526,2.0601952232077925
2.1513870898096266,0.8576593159438876,1.5414153411966034,2.137485959350252
2.3009133355201437,0.8607846189892305,1.6085831142580889,2.1365363203405106
5.049610441315508,1.2155535705690168,2.0633706451350844,2.080152273692957
4.9216774434203545,1.1727671901842736,2.1293246036107605,2.0487496931076583
1.968065169499752,0.7978735971259657,1.541312560268375,2.139470798191584
1.5285189300473823,0.6624562089318663,1.4810562369079119,2.1379679446457738
3.214516177957946,1.053163223053536,1.6828071852530384,2.1432417032899758
3.6464220143455472,1.0744167643410223,1.8761543967903718,2.0918781419636425
2.821522450040696,0.911794963892188,1.8786412355952662,2.062683818739585
6.0395479090063695,1.2920124315922965,2.1804370588486917,2.0460206148293816
1.6304972619732134,0.7071135680133903,1.4224489018320599,2.1705682760958735
2.2231379226332564,0.8484173626945816,1.6941540490124904,2.0903203348344563
1.9044188186784716,0.7684310831026855,1.5502372757606253,2.132054234771818
2.949496993657979,0.9791184620276261,1.771427736709759,2.0998041295866305
1.8332254884911243,0.7514111932744537,1.543466289898183,2.1220927972384533
2.521762554000527,0.8954259849580022,1.6976165636866887,2.1157051930733197
2.260451525400939,0.8362915190138102,1.6355417912430141,2.1216249063753763
4.530775155748714,1.1698556319057192,2.0151046711341953,2.0715426202101845
3.6854287035198534,1.084464749335613,1.8593937695142655,2.101513675771184
3.345414674646342,1.0135750275650408,1.8456354919634186,2.092434704072097
2.3392373782122577,0.890785238715734,1.5873592878333258,2.1423626956592194
5.8505039196199,1.3112821675012811,2.1014226068412265,2.0643015546483268
3.13516711202638,0.9762341377302237,1.8559479163272843,2.083680398870152
3.1574267763861132,1.029493094114522,1.7330504314224733,2.126986183906101
3.9841441869492877,1.1543522428890518,1.8368600770123173,2.1068841159570413
4.52941332738698,1.1880058404753986,1.927842761217739,2.0997623809804162
4.75027843021382,1.1763774154314617,2.0497638551523316,2.0781423650756046
1.7528555569832796,0.7071202679524914,1.5732121983922311,2.1201778527307034
2.0172738906465484,0.7794284167923832,1.6134667668486384,2.118036984437819
1.3494448028280577,0.6233481829877742,1.3412943728302031,2.1668587624756306
3.166938935213892,1.0367215417271207,1.71835513352986,2.118802648151724
2.613971829198105,0.8986571090976833,1.787733754407591,2.0928238579593264
5.14023544144792,1.2292088987126848,2.0777644476210373,2.0674743933325113
3.40315353065542,1.0588164466691183,1.7839292514334242,2.108990880802813
2.3702834086524827,0.8706430565163926,1.6943580963468257,2.1077120297744703
1.7867460336975414,0.780722688106435,1.4686841218637061,2.149973198487996
2.0850794168789095,0.8002004131892516,1.6607805190732245,2.1068972102807346
3.0264046187167324,0.9929506750342825,1.751180156885801,2.121722674354069
2.1594251278425087,0.8128412810826686,1.621498271584647,2.128018942640186
2.2942691428380257,0.8512328734247472,1.6711086772804749,2.1086385436540374
2.268052832333453,0.8243545336021146,1.7297173530423364,2.0863691260061374
5.553546578268546,1.3002235199736478,1.9723452954400247,2.1002308345869984
3.0169444847813427,1.0230268802155624,1.6901662369926378,2.1191376749524955
4.349794969606099,1.1217642243104131,1.9774865435252944,2.0929689032598344
3.1409021043763157,1.031329963066373,1.7185476781937465,2.1304593251904373
2.3644040332264535,0.8814088071522124,1.6402990169440221,2.120768619217237
2.869888007048917,0.945121316074266,1.7943071448540913,2.102403367725384
4.09443870107823,1.1504854825951367,1.8252991864574246,2.120704376898781
3.8731595559454015,1.0887905520467418,1.9985058868633512,2.060230597159855
3.1478545672543152,1.0067079413176228,1.820883208010853,2.092256921200924
1.680173332469484,0.7259883469581552,1.448572272936571,2.15615199545379
2.7788339697773616,0.9574838771747088,1.7120490578538257,2.119631347863561
3.743538349928012,1.1100157592952768,1.8582316688823288,2.1013183940669573
2.869771186667182,0.9685480756345443,1.7123316497925665,2.123679871728353
2.8012059796998092,0.9744476651470243,1.7448991313628552,2.1027854958789467
2.8114647583577965,0.978365083518736,1.6911865274165756,2.122604128596871
2.4646322653667916,0.9121457603287918,1.6653940734397494,2.110085515721033
3.1504296807058094,1.0006860981628671,1.8116178225032626,2.1030286632269473
2.4208023536109113,0.8928244936211583,1.6419178526833005,2.1168119038365028
6.184530099400385,1.330329707219232,2.170156160956172,2.0560638403007467
2.936827141637936,0.9630781653025394,1.7889746168011502,2.1081076135004264
3.2746159697104478,1.0304717820737828,1.8156709139214187,2.1000254237003886
2.3457443136580323,0.8531907829817837,1.6885411314599348,2.106608592118566
1.6977659670554794,0.7140941763507916,1.5126104830922098,2.1306011008943795
2.3028262590452573,0.8620708022757755,1.6877712621916354,2.0931592403042796
5.041522467529053,1.221428579495239,2.0326476606587294,2.073692581665835
2.6332067333993514,0.9171753968796357,1.7087931491169577,2.11005004697227
2.353436986878948,0.8893290698749023,1.6193713010874287,2.137156303907076
2.1334345711632703,0.8239314173791565,1.6286463321562672,2.112226383050645
6.204962345981423,1.3575981802139183,2.099313597145331,2.063365357536187
2.6590653809212683,0.9500349066955787,1.637684835089664,2.133093752901302
2.6482463046319027,0.9259529543785148,1.722262568385479,2.1181413893503107
4.370789748848188,1.1630069536731584,1.9703914880866262,2.0741283532423376
2.61085812690025,0.9019554568532347,1.738815322426731,2.1110370354501287
3.189164123870475,1.029979776447716,1.8084599179108514,2.101750608654922
1.6484249215514541,0.7014404883317455,1.4851567489376967,2.140813929553252
3.065501987063644,1.0038043417344116,1.7306200856444294,2.1197231201728233
4.011244513878779,1.1584494399049896,1.8270475151891534,2.112979272900101
2.99747345829304,0.9688522729048853,1.8064050329852446,2.0966931658381163
3.582554339144719,1.0785632062672674,1.8321993753289343,2.109203955888407
2.5448386640759173,0.9200094143046067,1.609089636443699,2.139333723582958
3.0691372894830673,1.0193336857905444,1.7340790923371487,2.1047828910283166
2.2061325925108366,0.8307275919742985,1.7111966248746573,2.0871224101054158
2.6528573159324518,0.8945482475120561,1.793692966379172,2.08915354038887
2.590695888488239,0.912131504259191,1.7311913823440277,2.1035361920958136
2.258863276878339,0.8679324037930851,1.5700173852472332,2.1458469462418313
4.664807501119925,1.1657127113233365,2.0451714685169726,2.069947308042722
2.1142581308465065,0.7998457746400325,1.6557278504041721,2.1148168725738747
2.569599399722572,0.9089857485039223,1.7032183559885377,2.1080691531850633
2.7511661211921434,0.9285174266505489,1.775009920494726,2.0996868911797946
2.8767111471460898,0.9704849343961104,1.7174624017817135,2.1156525358293337
1.9640916966302993,0.731339439799241,1.6743494706086506,2.1013360012707403
4.47729424371762,1.155504154936471,2.0220452034308,2.071507842793471
3.6190255637891853,1.0559241516782762,1.8724642856356226,2.098499104619215
3.7936905725299472,1.084404970237529,1.9375902312459456,2.07514923640238
2.8181878612385423,0.9727068276388215,1.7484964478028555,2.0866374991064984
1.807562733930197,0.7571653684460178,1.5256253087871832,2.1360527795863984
1.8292652214177907,0.7811210923539483,1.5305945197772284,2.1240929840381497
4.474737753121595,1.1429807682258062,2.047397003086256,2.054420916939196
4.1113114698506585,1.1200217729697899,1.9260089806914629,2.085364591464101
2.9658838523418134,0.9927661507231007,1.7179840004799303,2.123521190992248
2.4437114598586205,0.8695431693965967,1.734674568752876,2.0968783976028886
2.3306226464865345,0.8783897903933957,1.5939724612671506,2.13443263096052
3.188655137597706,1.0005694425967007,1.8263499151783182,2.1021493936132964
3.688980840494549,1.0654342614976562,1.9345517183614709,2.0763163711066137
3.9840629351980796,1.125125657492739,1.8792696022830282,2.1040021337067825
5.510780462809057,1.2936163056180825,2.057466712819061,2.073880068207994
5.082269165850915,1.2171334063109527,2.0622191196952087,2.065839729804118
4.760269421283928,1.2131985793774407,1.9834026724093892,2.0763559715180215
2.095616939779536,0.778704993905977,1.6568594209963543,2.1157993464078015
2.7538249405989137,0.9235892394203321,1.7323402848131784,2.1161203251840734
4.988611231772091,1.237315605153863,1.9749738154875929,2.0896520881099323
3.0018089361488647,0.9705799540625919,1.806419147169982,2.1019018633701574
1.624746019320661,0.6686167132034839,1.4885969440442213,2.15457591233585
2.6258934194504495,0.9331901641037096,1.6869726791096469,2.1195339557488797
2.489621323444651,0.9226351159803056,1.6664859171069322,2.1115023359477
2.4019912026886994,0.8738754878574932,1.675822602663623,2.11648487711664
3.2661227583886494,1.0417423800805787,1.7832122655246947,2.1035903456869107
3.822591371098724,1.0897222740777883,1.8987780587558238,2.090874390469117
3.6528702886432085,1.0769471315773576,1.8818258185271486,2.090796267741092
2.583435025940459,0.893113525850037,1.7319883899141997,2.1084188328038493
2.565427022084371,0.9095836011467379,1.7185971092615182,2.1070357552524004
3.11230180430272,1.0204440780756452,1.7576255481990266,2.1163288023628586
4.662243659536494,1.2044042189675823,1.977375412446498,2.0779199590681436
4.544090355648229,1.1723927094741085,1.9651666687354297,2.086823262896009
2.3277585282554587,0.8515232416445502,1.6391502408123118,2.1300244975811626
2.928314826708358,0.9868355530260196,1.7857783801276037,2.0874003742860623
4.052983240952126,1.1011110451841208,1.924165550448962,2.093610046594073
2.220493679467032,0.8445201141065927,1.6383780577252758,2.120018322794907
3.0743141165957977,0.9980569404896926,1.8221558057874827,2.088528372724849
4.108526461612296,1.1691522415927946,1.8424689824982445,2.0997414443993705
2.5289971611355684,0.9055749794102016,1.6362947658541875,2.141235112426613
3.7044974194131615,1.0683673122900228,1.86511110305532,2.092849161484628
3.429130505649818,1.0620761022881213,1.8030772487087214,2.108654604305677
3.2095066091971822,1.0001055493017534,1.840467412600511,2.0927028327997506
3.9132172264929377,1.1083839695422757,1.9489455720350777,2.076040344810123
2.271972999994549,0.818694332603713,1.7194396603632773,2.0918754790248575
2.497612786440057,0.9083947594356008,1.6297776834365136,2.1367019573974786
2.3049341117415296,0.8354796199797695,1.6936059870331246,2.103161937962691
3.2569843786931276,1.0470238679447832,1.7835487203606488,2.1020155287660454
3.2253697913850767,1.0028597451025745,1.9061780106710817,2.072291726972645
3.1712665513815055,1.0206069279222665,1.7724432452727485,2.1027298881152343
4.254066381369301,1.1599942565514545,1.9782348722768412,2.068811235275549
6.7974965637928095,1.3616336000717884,2.2234242506601696,2.048473553050574
1.863391292299566,0.7548545726958672,1.534904596653832,2.134044215926064
2.9275207066766407,0.9861676852141998,1.768255923115916,2.098293986506161
2.929310379740656,0.9927414055057827,1.7497223984817403,2.105177768509525
2.1228396000352285,0.797730568918514,1.688161289624339,2.100070643961511
5.731295531381956,1.2453525182791525,2.216814505963205,2.0357981798841362
7.136813992120355,1.3989464224006916,2.2665755459510115,2.0349169407218968
3.5308534151161037,1.054729749000195,1.8204089665257446,2.112422091728702
4.439862436823948,1.1700899048284938,2.0278554263900013,2.0492126878191934
2.6295050788653667,0.88950293048252,1.746187038290744,2.1177750571805043
3.2534638588736726,1.035062700024041,1.8294670505247277,2.0842939573087795
2.703271339318657,0.9259136553251697,1.732361733412819,2.109917847729264
3.2728511066834414,1.0368322511619683,1.80557325532385,2.107627408418803
3.0954928912857875,0.9802193808857222,1.8869110983696247,2.0735859934299032
3.4527039849351895,1.0488798730760918,1.8606912147784298,2.0821290017305203
4.728260382945934,1.1926211375299396,2.014852614338839,2.078424180852109
4.051360609443105,1.1110850486530635,1.9476435695899756,2.088339130248642
3.349670310978413,1.0405508827824235,1.781972425962166,2.114503918031638
2.2185278754937374,0.8552857853111246,1.6083409725075701,2.120798478844495
1.7218538911411019,0.7110211696858388,1.531858028847511,2.124381219490646
3.948691063030491,1.093268098464037,1.9101320899099214,2.0917488775297675
2.786969231303563,0.9572139250627576,1.7158667780461883,2.1223408235259518
2.5842324705175432,0.9109597899568123,1.7619369542277945,2.086981499409977
3.032135194053126,0.9833110145486212,1.800686386676709,2.0980822502083885
1.5420722804377247,0.6587338486568971,1.4758226157183012,2.1337325204576083
3.9711373348447645,1.1148345539920745,1.884975737331564,2.0955321239833915
3.2371309868057647,1.018862434560761,1.7915976857054503,2.103748349904535
4.2926261513408726,1.163283522992342,1.9374132274717228,2.0881337238501607
6.636787037567969,1.3623756510404539,2.217533899991854,2.04063432517696
2.8451887352381817,0.9690275775999733,1.756611920599294,2.091093319100735
2.745248879414511,0.9319152826760962,1.7964040391349771,2.0869556329188987
4.0178711638676345,1.1089187322291099,1.9527724986935355,2.0726945398455596
4.0123386220671895,1.1584943029524901,1.8808079157694888,2.0927452072926225
4.020442985783247,1.1224999503747723,1.880082465089259,2.100363649390176
4.24459784098092,1.175925911342113,1.8879725164619467,2.097681675972541
2.030820753886762,0.8082771438649885,1.5754179635001329,2.1324477753341498
3.1661710376630676,1.01299548672641,1.7859621154968934,2.1052141793492205
4.140697418533672,1.1143234185583637,1.9991416782528397,2.074129899958324
4.6461812471427955,1.2070312956669005,1.9608714593873284,2.082221224596572
4.558374164765534,1.1649883002988917,2.071778309667071,2.054979435508556
2.6100217701107407,0.9161297159517992,1.719344966871824,2.108704904821645
3.3233645764729975,1.0284802888220645,1.767665903690067,2.1280024007822314
5.585136435677182,1.258477573242944,2.140017952272908,2.0581833364305835
3.2439262301929377,1.0355207937249316,1.7640168848181959,2.1143066629137386
2.8330464473822916,0.9263724290339423,1.8327972478488068,2.078647295999502
3.254310459655112,1.0491038387864662,1.7382980511909345,2.122925639138427
2.7736214201605858,0.9311055046893518,1.7735862237723712,2.0962197576616592
2.186124063031203,0.8381859816293207,1.6334706921396596,2.112071390584176
3.612334228570221,1.0428126183221207,1.9415731149371451,2.0676038828543533
3.1553424541954853,1.0220393857962535,1.7779887037926507,2.1091381412331414
4.045257438044582,1.1127796049060346,1.9628974930042613,2.0730811727749408
2.914433038328256,0.9545189786005923,1.8362594484047001,2.07512739914952
2.464106140685896,0.8804064917372229,1.6731105738425536,2.124903541018719
3.6055298509104774,1.0592749849581267,1.910848185726908,2.090541992510768
4.736250587344284,1.1925536152258913,2.059595727541646,2.0617716595153155
2.6301818463422157,0.9285338133177642,1.6818735144515167,2.116166207105589
3.3948247542801875,1.0300250236407507,1.859437648427077,2.092078639799233
2.8631809321520216,0.9677716217391625,1.7410192022990618,2.1166589708836683
2.576193360589083,0.9053688937272324,1.6887391837414885,2.126541114132729
3.0311262807972796,0.9998960655881759,1.7455503005593653,2.110416289273068
2.535496981635634,0.8837752492462199,1.7685073754512004,2.0940920406983
3.9199737162641846,1.119867752349426,1.900224743644526,2.0952441035929077
6.022852482049808,1.3277363376156799,2.1556750187361007,2.0499300537667087
2.111330052819493,0.790264963413851,1.6429125940707414,2.1224659032057183
6.261854737475175,1.3271749763295453,2.153296574328326,2.050906674263245
4.419380320925989,1.1586723725844603,1.9785296130976433,2.081991048244057
1.924935148121705,0.7771002419877259,1.5682565059091123,2.1244212552634183
3.0973434732591203,1.023026421336685,1.744316629601185,2.1236146551980633
4.056491950217767,1.116482995886819,1.9555810497729313,2.0794863285766114
1.9787121566274355,0.7929135972241933,1.569088169745325,2.127398900042925
2.202192731009857,0.8458073393955636,1.6394843920427196,2.1254976960547456
5.2948191741347,1.2343461716052946,2.1437441795925807,2.0489980441180604
2.734023694839446,0.9626978050532071,1.6739939771718118,2.1194027128012647
2.5639934777977857,0.9197244204815938,1.6917369409667222,2.1154617656722494
4.694244500707099,1.1734365957815496,2.0781076062404735,2.0564458296963575
2.6462152921964877,0.925869254209249,1.7480249665563319,2.1007352822860055
3.266591932750781,1.0190970165435542,1.853383429951578,2.078050782052002
3.2510365670713446,1.0643575312668978,1.7520960909181635,2.1027852297744105
3.7641228097854964,1.0711883850453816,1.9436420107665302,2.0733428589889913
3.8426521846047947,1.1093481600460149,1.8400920444807465,2.1107077056839256
2.9371004697662664,0.9287014811209033,1.8921918145291134,2.0693329806161227
2.1502655248438196,0.8341768851103752,1.6158220408639867,2.117156204416669
2.9062413592384013,1.0001090744061467,1.706832354277911,2.114353382085075
1.9259649890405033,0.8049945032013874,1.521946233602142,2.137896688297484
2.127074668031231,0.8390488412519086,1.5778001561490953,2.1283445281355373
3.3524740795958694,1.0506040940761265,1.7449285134011336,2.1226911133037967
5.013325170659938,1.2190644910951298,2.0626796533546012,2.059211012041105
4.650471450426906,1.227275240757953,1.8981161774273183,2.0959455493952284
1.9335780913501333,0.785008547735474,1.5270397088621877,2.1494393595213928
5.3995798506657735,1.2329697609413328,2.123884115958596,2.05520989881864
2.574969878463152,0.9281488332555073,1.7097934181344872,2.1069290818690267
2.7105549819197936,0.9277254997762472,1.7190354608172236,2.117435549032441
4.995926931221661,1.2323550165949757,2.0360313986093,2.078053334703654
2.0199161130245122,0.7833477603971211,1.599856469716567,2.1205432303447482
3.35977857968012,1.0455464259230878,1.8205264742686647,2.0935065082154387
2.77708148496192,0.9410355289767919,1.7294212839256276,2.106254030464369
4.78176561855631,1.1982958026546335,2.029216473859514,2.0782150350974606
3.9824494300773634,1.1133815628105006,1.9383833073068466,2.078790483687632
2.9050857502107865,0.9517207333178044,1.810579004964706,2.0919606006894367
7.274229960299533,1.4149233910524686,2.184457683103428,2.057814693095122
2.151440443325009,0.802610726283601,1.6251019523105064,2.133102925900293
2.44519604670039,0.8582996143369751,1.7296746187274712,2.1008136786097165
2.493825844115283,0.9140091455745291,1.6656883799033633,2.1181270223756363
4.918524505336117,1.2288227546648152,1.9579768061560274,2.0933210040327306
3.0702680315526742,1.0099525413524613,1.767132738652537,2.1097375540464762
6.871237047556486,1.3698534608206818,2.210824907112602,2.0555906421191064
2.3877085223313452,0.881828053799587,1.6165044399987663,2.136537463826823
2.7043744640126928,0.9344805349231371,1.7550751713237431,2.0944087659963024
3.5791274283320855,1.043751454192336,1.9256671541896622,2.0760974281768143
1.997358957127787,0.7794267241320169,1.608422725611233,2.120225438906723
2.553197839436902,0.9357214611467833,1.6361395921894772,2.126473162742306
3.2360286331863293,1.0338736607679198,1.724557689672756,2.128068554109597
1.353689142764312,0.6040393472720534,1.385053170749475,2.1572930422057106
3.264824608956787,1.0247188125972704,1.8150053862398223,2.092618028074026
4.1945624237417505,1.1339200297780632,1.929720068921155,2.093103656556805
2.1676371865708535,0.8603817325153147,1.5464188295285852,2.1479860212026995
3.9867812870949506,1.1152376883881627,1.959399039652571,2.07431794147389
2.1173375561082666,0.801448390037853,1.6821291509970957,2.1071155915353774
6.415680632133636,1.3069913511180014,2.2594764149312145,2.030120382510098
2.8142015022028826,0.9382406302215077,1.7651709391090131,2.1092364448435137
2.98443673594874,0.9839320359958147,1.7208858552851911,2.1219814641112453
3.6761740607210167,1.1006006137924327,1.8760052215969865,2.086306560548266
1.6175637731434531,0.6763364308094377,1.4983422842299643,2.129550190522892
2.2241142725618133,0.8581989877708609,1.557396837347177,2.1509563108335845
2.5613415991533124,0.9175909536821876,1.6313341269891701,2.1406419839427397
2.352082990045116,0.8595020695601836,1.7014442006133104,2.1011669220878373
2.6214355445801454,0.9084825226315364,1.690899945139871,2.117803337635178
2.2909191862575335,0.8456449638644505,1.6778475199547278,2.11024518804285
2.824153203932586,0.9778816302037224,1.7004815863556675,2.122181067208628
2.8061958167733487,0.9824058083225025,1.6674368779960564,2.124805790267732
3.4934308890534678,1.1021780673897863,1.7568341583129659,2.1120815648396936
4.148881117048995,1.134230762786975,1.9306656124647774,2.0890584246954416
1.9235785185961924,0.8053840770707603,1.5364128796050884,2.1356463892248705
1.8464383055634344,0.773275590315885,1.5011390091154782,2.139229936494183
5.13764699663411,1.2226285659730398,2.046817470474747,2.0838355276392617
1.962226980830598,0.7916506511003687,1.559563018525812,2.128056809204402
1.8818954250104512,0.7612524067535802,1.579661860965608,2.116211484528362
3.4317568557054874,1.0641290653720312,1.7846055636934446,2.11350282168557
3.0677875564753023,1.003170841834731,1.7214090011383056,2.1218963021924204
5.305709394580686,1.2817139655195118,1.9734680705580578,2.0996032356149588
3.274071041706951,1.0086952280287258,1.865293496112863,2.0826301667259637
3.0870149389075245,1.0244766386291115,1.7417630761861769,2.109013714186486
2.4426612431483745,0.8775150861990294,1.7049090991169384,2.107660932150882
4.538638663758422,1.1947878114646884,1.9671884990426827,2.0690753302252856
3.620872893410609,1.0825045533775273,1.866463879980848,2.092497256001512
2.3475616904155676,0.8735199553142966,1.6512791643915987,2.115170287805616
3.029088735924532,1.0034127441253204,1.7335171215064251,2.126593175136342
2.7010019400392293,0.9634304167704156,1.6889939045380522,2.110928036563067
3.9808345363072593,1.0881012229482399,1.9893069440339368,2.067842960356094
2.9176509397093864,0.9831138195293936,1.7779706694310757,2.0997805289723694
2.531255695991363,0.8813883911704642,1.7325136713406053,2.1165068644432172
3.1838943243587834,1.00007222552802,1.8121727775022398,2.1127996754200153
2.5121426810035055,0.9160515557377042,1.5930419596036192,2.1434982393151407
3.4043245860950737,1.0274372529750575,1.8976775649176403,2.073179961105252
3.8349060255340204,1.1386501099370763,1.8594954157067791,2.083611836404684
2.1794331945551555,0.8077612033720055,1.6718428091676478,2.119201410890077
2.1952508599114107,0.8223308106317433,1.66027785825182,2.1092421084459723
2.848131222607661,0.9419016858599917,1.7537647506678944,2.107846304621129
3.3593113796295224,1.0811003970392188,1.762130295488041,2.107230478849707
3.4342185281126345,1.0526819061674548,1.8705958421254671,2.0828708367503164
2.2098427590811345,0.8494881527933874,1.6469814777630774,2.111020790097783
1.4826178989042393,0.6412641741978942,1.4173166685048895,2.1603821997568895
3.405575148474131,1.0599347289506476,1.79703783137358,2.1056321862928487
2.688356262747809,0.9317444738303585,1.7208875282782201,2.1071272780858945
1.9912853657741778,0.8094364461534636,1.514828446267577,2.1539591247085172
2.294377628571101,0.8624702309825462,1.661940806455241,2.1064731971919524
2.809272683824827,0.9355572251125572,1.8076379507174087,2.0976429175464846
3.8569909623575795,1.1396544335397334,1.7971886905796548,2.121605145617807
2.0506711845660894,0.8367131713234099,1.5337745856043756,2.1438324305854364
2.8571880923884456,0.9707357048800045,1.7268701700379567,2.114753485580672
4.656973820208408,1.1715461441899533,2.0416349303082506,2.065254795636746
3.085865807234738,0.9802211522736015,1.8424121958058355,2.083818396506632
3.6891942136440226,1.0382662129110851,1.9535819844884494,2.06497860844852
5.0845984801815165,1.2100814679547083,2.1073106372456,2.066623674256947
3.023031179471322,0.9927791800823819,1.7831083915258477,2.105705013869187
4.744893980348487,1.1700204545645858,2.078834824792937,2.0650815609961164
2.7266326487758903,0.9543587385309675,1.6723253735887573,2.134186767382467
3.4759455776945374,1.0595157261772894,1.8230267497093517,2.1059616520756133
1.7318250297564908,0.7208539547646163,1.5046470704537627,2.1452625773520935
4.139901067991641,1.1118801113585435,2.00469401830448,2.069554529839725
2.4673080277515766,0.8791037859270012,1.7654206500951009,2.0796158163316907
3.3130080508119923,1.027902842373432,1.855721676628995,2.0843762520543505
4.161039184404337,1.0900342382979147,2.0515169508437223,2.060305646701483
4.012720388494287,1.0978746431679653,2.00515645496195,2.060133642995388
1.907609422931119,0.7930245930449519,1.526728319012333,2.1341176315075607
4.311278900472623,1.1714433525482009,1.968010280445716,2.072265073521654
1.966391579324695,0.7816835301391575,1.5737778845836352,2.1324845909380743
1.3988060761503138,0.6148713891003851,1.4588336913066304,2.139671216706217
4.269124147232775,1.1299982570251565,1.9878744877685124,2.0789092561055167
4.28084309408419,1.1649499296152503,1.9053868764113837,2.0956124707499604
3.7672592748193146,1.1023981310027764,1.8420144737827255,2.104138506632469
3.7292989507652092,1.0708883653680124,1.9310210346249297,2.0758307840576276
3.2548035902251304,1.0204434568860536,1.8382130765125333,2.0991429607776597
4.947259167022892,1.2050038468326891,2.0901996022297817,2.0590846663300333
2.6990209215285774,0.942159134868547,1.68331839032057,2.1232300574775653
4.954754052854172,1.2249938818994326,2.0276292020806523,2.073261643694832
4.4918628310439725,1.1725477326973575,1.98613240846979,2.0710569031430026
3.0510836219488198,1.0189842356696017,1.7064959589280286,2.1243143025547617
2.0508625132362734,0.7953442179263551,1.6070085965666794,2.1272388142177303
2.315679547873383,0.8580590276235739,1.635495767965483,2.1203030965004923
5.279236502827462,1.2557954693658642,2.092301740624699,2.0588714147849485
3.8579715937233696,1.0702738487032346,1.9760369214885063,2.0748781180738773
4.874972059002175,1.1848600165822265,2.1416673052225224,2.030340100506272
5.971928203547827,1.300322215959253,2.1686855089915644,2.0487931931249257
5.344769466722838,1.2378674893128725,2.082830478205084,2.0675442951734335
3.507714503829059,1.023421208345412,1.9467964771772488,2.073597033109106
3.69417978024508,1.08591076276036,1.9066345896742365,2.0690994993940257
4.274258416931778,1.1564225520388494,1.9237096936241722,2.09894536203224
3.545814896956409,1.0465736827719503,1.8455479278417284,2.110466415733557
3.920576473823738,1.0951040297501606,1.9154530809226074,2.088019540187405
3.901094890983145,1.0883255225072483,1.9241410305650375,2.0899568455795783
2.81887835977242,0.9674120869527106,1.7173353897627859,2.1140861366267063
3.6612499771655327,1.0701862193059122,1.8960837487912032,2.0876820241664777
2.0320190531798032,0.8110648904122605,1.5672222203582344,2.1277672659483233
1.9662128669305152,0.8029583765825219,1.5881110122220488,2.1233718482844974
2.6895572763780717,0.9155326177724173,1.7821042725984213,2.0948219484060284
2.6567260979740737,0.9309298452837894,1.7294578879324836,2.1029166722232637
5.038407290893648,1.2263170864173365,2.0683035160320675,2.054679818099104
1.737673974841019,0.7180481900988003,1.524737066730158,2.1352767153643084
2.5952654519673577,0.9352523547182655,1.653901811200193,2.125912198110903
2.919179967651361,0.9522016607656281,1.8075084038971547,2.0864031538454855
2.8802082288542334,0.9684054413730243,1.7605824613169285,2.096816607075944
2.5568140527569256,0.9003862765387194,1.7278186839498746,2.099411618209533
2.9051984702782145,0.9689667050753896,1.6971332961218426,2.1284977573361146
3.187965080775985,0.9971215883794065,1.871265058037618,2.0804033383496434
4.724600181980755,1.208421433659158,1.9236765847079005,2.1009404818016075
3.9907070581086947,1.118030628560149,1.8874433367078691,2.093686073896362
3.1419733495591475,0.990257422089148,1.8143370721900598,2.1052883104458986
1.7372489209668562,0.7437265451982162,1.4589185830945846,2.1519391758150324
4.9861624238621145,1.2292098479168276,1.9882137839962761,2.090673845486182
3.254459448758903,1.0288425555040621,1.8185059946806328,2.0891848578287124
4.5729596261920475,1.1454409854078096,2.0665547001487994,2.0592853659889423
3.45957124637908,1.044211089742944,1.804634415043576,2.1208153956338442
4.080981723432926,1.1315160260666288,1.9054142416675266,2.1037750278313134
5.71758955486935,1.3214165225766126,2.004601151187874,2.086824705948011
3.5608936514409546,1.0271180155380626,1.935184856846372,2.0818570559386353
2.5928055702746664,0.9443593964193931,1.6463270376304164,2.131910018289303
3.3427793273713524,1.0281547178119599,1.873493633460442,2.087455840207901
2.4403975233905193,0.8827016972351972,1.6605840757795551,2.119303853903006
3.3398009964751085,1.025622400800106,1.8837403031058493,2.081693749387269
4.434309137038878,1.1288027540665964,2.109001544309805,2.052293426315585
2.455420553510601,0.8725659321014455,1.6907090020267297,2.1129336414463875
5.031117770979927,1.234245553413784,2.0589884009823036,2.0646655005768064
5.938200234856052,1.2941230471842147,2.172350855744484,2.0529555836529316
4.451498315608934,1.188097018322972,1.9287112139859972,2.097335499383662
5.289152122961009,1.244916709151679,2.1075386805814986,2.05303800599751
3.2748846798368616,1.0056822739153408,1.8595964528819449,2.0846807599512664
3.4021082114491734,1.0111842438245675,1.9229912983552755,2.070680925002893
3.2591292773753344,1.0259047215534114,1.8290271353788812,2.093675034842123
3.9262653784540844,1.1137056459447898,1.9073662049992683,2.0872620886810656
3.051949849125537,1.015171026897766,1.7241355679392294,2.1158500519955856
2.669021337351543,0.9408834966438169,1.7013464833729555,2.111579254167282
4.140645383197426,1.150163758310965,1.8699620652066953,2.1103790305280588
3.3421898804132373,1.0231211730927643,1.8425383772384683,2.0944494211187332
2.0088359002163223,0.7713723475569687,1.6731348835837754,2.093092760931021
1.6605116867726124,0.7313721467104564,1.4047711145357247,2.1700127825277127
2.540315387975651,0.9176810962772385,1.6980843200327957,2.11256645010466
2.509898447847086,0.8935572056261395,1.6881272688823934,2.115770764050069
4.358654527522283,1.1640257760646822,1.9508586121324571,2.0816777702382283
4.309102256651796,1.165614473913306,1.9412809592813274,2.091212142512317
2.2903577139887905,0.8553883874304482,1.659153199883732,2.1089253711685783
3.567219447052429,1.0476641544192358,1.9515685538377547,2.0651389347933855
1.5918898929417291,0.6828246940955093,1.439450352016463,2.155177369669738
6.6910407009323905,1.348826671617376,2.264259924294143,2.0321099632093973
2.1092457907325812,0.8375084454213145,1.6196548422855546,2.1180224024918664
4.311848124475291,1.1722349692222902,1.9456586995875402,2.081977157282017
2.8613475813140528,0.9597673430233565,1.786164737426269,2.0890845697996974
3.985322811746985,1.1120253249141419,1.9667377097173224,2.0689448507286112
1.7646662640062294,0.7186157403842215,1.5618975101215635,2.123806930957644
3.1879519721998073,1.0258538139051434,1.8115452250593447,2.094550765449928
4.237602102307592,1.1467085431432786,1.9364696699768293,2.080896479706965
2.2569444298092716,0.8628425912924849,1.602120987129111,2.1457120417252744
4.13204178087679,1.103096079730485,2.0016204085866685,2.0746819098271945
3.2494803330537274,0.996457224006721,1.8598043360680663,2.1028190628544983
5.517690907485011,1.2334593085993848,2.1526962149681674,2.051084792197819
3.5632414947897324,1.0845097154602996,1.809942943467041,2.107860870392025
2.4441976859850203,0.8877343196798634,1.6650394072727959,2.117437701778057
3.294277142408695,1.0457919673801002,1.7696438307530835,2.1109172609762004
3.616559955616328,1.089658630995961,1.7846114272225835,2.12173391111048
3.9210478676637788,1.100867249302617,1.9355069711589346,2.0807397478453575
4.1656987875708245,1.1561558707364674,1.918230185845639,2.0855919591840406
5.968289731873423,1.3300456079307443,2.008635066124385,2.0988887301635026
3.6081733847972646,1.06544882614875,1.9053620980297317,2.0830585396417516
2.869463951002099,1.008592032562874,1.648708445613132,2.138708252699464
3.0364218309810997,0.980470540157129,1.8055603619609588,2.0972419900859514
3.7710904866120076,1.096455817719263,1.8393126203553587,2.1069846598038158
2.322605387395849,0.8765723308946556,1.5720996805214082,2.1486561260702737
2.616996945396365,0.912095760717113,1.7587934770489024,2.095598007231478
2.782119135104864,0.9433058277851929,1.7421795005964804,2.1088122190002565
4.271861793268467,1.1542361763476823,1.983585881691311,2.065399568435303
2.7680758913492296,0.9561813420785442,1.7040860036055843,2.1258851894198365
2.9622161320591838,0.9766770427535376,1.7374784023842245,2.11806176156513
6.316157190010022,1.3099500017599948,2.1980481229335007,2.055934410923865
3.1123261923444088,1.001278478581557,1.7763224849420676,2.107076721428808
3.827881807992939,1.116096359510011,1.842035625847608,2.10042194167299
2.827925192106329,0.9690292751459892,1.730085912250585,2.098398849170803
2.677985688029566,0.9139768625969181,1.7708208802966283,2.0905396373021015
4.05110291318061,1.1045487438315584,1.9815365626905637,2.0705579270130237
2.079965627946747,0.8233610061074663,1.5261166811925666,2.1575590716453146
1.874682557812219,0.763834726745965,1.5731270279224068,2.1225118035633477
2.9152543191272273,0.9796375768990019,1.753373161301505,2.1035297897035865
2.3152871061180416,0.8756417236151347,1.5629745821628753,2.149077774524954
3.9656256761785564,1.1350130027790517,1.8411159929917214,2.109675351991905
2.8503403450452787,0.9257045717102308,1.7948626266312029,2.102457335832885
4.229556884020885,1.1309039741730325,1.9529868346279344,2.093780086422187
2.8329573214914427,0.948278056309915,1.7747065787260492,2.0983968237496327
4.939390135657086,1.2211882743193967,2.0414954200627053,2.06319235901179
4.189697139893176,1.1307203675470106,1.922933742187487,2.088427856752655
2.5587193436590296,0.9214551205653867,1.6804107203180771,2.1161298290106605
3.4106675060247102,1.049122860696142,1.8186385541513668,2.1019131934532864
4.956120396253804,1.1918690387852753,2.076837695308638,2.0624720832427017
5.486030562044073,1.2522221801364823,2.1467242940351112,2.0499038437917863
2.4683056825445844,0.9082130006759072,1.6760362892159484,2.1165804467718616
8.363205807711728,1.4803943769965802,2.2574667122647365,2.058333898079023
3.0123860473934756,0.9713336730182357,1.7929898946189684,2.0951364292048837
5.065556132362649,1.216347499047016,2.1147070183539585,2.058710469299931
3.8313052555965306,1.0939406857742993,1.9232773187525452,2.0854743799301314
2.637027963672523,0.9368748244551046,1.6491057165736498,2.1330040149233214
3.9627062601355596,1.1196738783213451,1.902628437644819,2.0894646500749676
2.444332116158762,0.8836292079896529,1.6838998603612967,2.117009405880602
3.173198091126439,0.9988230326145541,1.8109753186189543,2.0947400379883434
3.311580019555829,1.0355079775304181,1.8212908822087115,2.0922737261857263
3.1313304820666374,1.0072969482610619,1.8241163506310651,2.0913464351112867
4.330919660152991,1.1675365221256129,1.9445349431871806,2.0792319242959745
3.083652298548297,1.0119901843797934,1.7363163272073794,2.115882100418044
3.743849949801165,1.1066659228685762,1.8615748623404371,2.100750899283632
3.333923268300875,1.019767666765897,1.906265012642432,2.0737825691958482
3.722469096110607,1.062694865162941,1.9276784349614977,2.083283982793567
3.339894816569181,1.0244831414083584,1.8536857877041675,2.0892824423548424
3.1440019025012442,1.0282781311770341,1.73081582101609,2.1140993647627684
1.9879807777214342,0.8006658957287996,1.5861896338636838,2.1260205198258677
2.242440286323922,0.8377488178114187,1.6522103391635161,2.1123748798301762
3.2680223488666247,1.0267337761711306,1.816590269682825,2.0895246679634814
4.660464205794462,1.1838885797146053,2.029103835855079,2.069603813463383
4.561721954205567,1.1620834185629718,2.0203017493817845,2.0697052205251016
2.9665393375646074,0.9786287081367092,1.772092543105931,2.1030472489334295
2.853296661288912,0.973058588628691,1.7422070476384728,2.1028085903757545
3.38321100869727,1.0173211392164383,1.882033620409872,2.0842316567144397
2.9865964232603726,0.9942941815945897,1.7693106069732678,2.1009187765128665
2.9190862711619556,0.941086202958293,1.8315102269537549,2.091155017919075
4.876730952441781,1.2328264676621334,1.975996602152463,2.091145790042686
5.169244793869879,1.2276363980965799,2.032671106949581,2.0798305863103135
3.124471756217732,0.9957654377560647,1.8118013994117774,2.0962264620150983
3.757413933116328,1.0742208843977212,1.883573511931094,2.0927423993135172
3.4858215182823256,1.055966962191175,1.8367956911299843,2.1056699405556927
3.809396790507509,1.0698177915391387,1.954855933024306,2.072746688671801
4.366654725820343,1.1348951463662136,1.9946381004373146,2.080549504420128
3.3228853943212946,1.0400498750444938,1.779199826428944,2.108935483957877
2.4952879098780487,0.9032732380206733,1.635834264285659,2.1275966070255437
2.156524462809729,0.8466249170359222,1.5737768697020846,2.135610498957348
3.2903011972701455,1.0249579347690259,1.7760532053381333,2.1109277407322025
4.658219218106863,1.192138326562237,1.9714385430547898,2.077642559034595
3.96887922632115,1.1343822351942439,1.8730396038159955,2.09680036701511
2.6150345704883784,0.9210126325958818,1.7275104978103955,2.1045729450027317
2.1182861550884775,0.8196522390475632,1.6110444128945625,2.1244976131277475
2.5194713484980706,0.8978296598314858,1.6890080213971976,2.1162968134536664
4.427580643920786,1.1623939653009863,1.969934078119385,2.078468816681812
3.5877747605813193,1.0677302720886483,1.9054796951643522,2.081016857942168
3.0964052608371153,0.9989643074327772,1.7831893683597495,2.103606943541583
3.6432763239083545,1.0954589602799358,1.7746290119180577,2.124381138764376
8.060603957106013,1.4608821438181323,2.247802452325525,2.046837216263601
2.285633560051499,0.8803307848939216,1.6044875499637046,2.122483389273733
3.636103213930397,1.0621776587969993,1.8791343523871495,2.0900832507782092
1.8854609016240935,0.7418371207984169,1.6215731751710485,2.110254706279469
3.3058686694688544,1.0345474938815697,1.8632466105997345,2.0830488093691937
3.670028477584031,1.0801164226291136,1.88689680277509,2.092196543038477
1.6596285340203862,0.7128649096840318,1.4722445921860532,2.143786982002815
4.758398886531063,1.208217345036669,2.070837306182072,2.052740996802431
2.394027425080374,0.8869821328435501,1.6935041461402396,2.1024876953357974
2.6470291363016254,0.9281896152779083,1.7065345348014023,2.109443953646558
2.5226598156928834,0.8944263466123472,1.6585981098985296,2.1308071667959285
4.211173819330892,1.1270748931397974,1.9965220110524895,2.071245797806463
2.7427355365891977,0.9382618863965865,1.6983470267942857,2.113414732331318
3.0229693101927295,1.0231535022594511,1.7138803379697887,2.1241144871443507
2.8488413077790553,0.9624702163222048,1.70854948754182,2.124465111665512
4.198196789476854,1.143859796155766,1.9770731155839492,2.075392488088526
3.766569226647567,1.0900180371431762,1.9326016243340627,2.078234733100578
3.3359277981671434,1.0082264407164592,1.9063444464134285,2.0723085606956775
3.8648661972823195,1.0922056597769558,1.9160304712493281,2.0797443474497226
2.8943928424810705,0.9938618619897894,1.682783112491982,2.1348862058370472
4.111105331403423,1.1203460619870873,1.9906277043357634,2.0650871354929823
2.469194881875551,0.8819673343571174,1.6742279029159453,2.116320685673232
3.347976842952729,1.0416195730897717,1.7858180619206512,2.106852223188239
2.033442157357663,0.8141767520992126,1.6096273164799852,2.1116127120769566
2.5858483676113675,0.9217124665530446,1.6692121083930502,2.1264101796287735
3.9987380474206824,1.1267166060313312,1.9238236515925822,2.081863680682175
4.003963216291735,1.152394129598611,1.792458178155181,2.124928541145226
4.968394438267117,1.1968340899171277,2.0570099676014726,2.072426476770844
3.13979281588432,0.9900862354253318,1.8512890448495223,2.093768203213286
3.845233463476974,1.0999936339827179,1.8895933997082663,2.086586905263541
3.7186832459494337,1.0392373255663085,1.9074455324713346,2.0981200212838775
2.9415133238581292,1.0058059260989745,1.7480531671508177,2.1045740464299434
3.7089979473785086,1.0660887397948142,1.9376371309710017,2.0717863466092097
4.133107827944845,1.1178450306491245,1.9632406478233586,2.073989672231827
2.688640160258845,0.9404268293674589,1.7180453165481389,2.1161288459863385
4.657555639756099,1.1923416135026013,2.027632715041773,2.0577916969671524
5.789859394948109,1.288635077755179,2.1554156486109997,2.049102984801703
4.991026056542139,1.2139837536852434,2.0448875276485716,2.0725396198142465
3.1063018641024396,1.0035365636709657,1.738281509078382,2.1218017370995645
2.784534805156078,0.954514623563345,1.7429562736992688,2.102238580177625
2.0067096348835167,0.7775162109106813,1.6293555897962342,2.112639767458988
4.416890880243259,1.142519651657584,2.0129601938115327,2.0703343154341507
1.925740141647586,0.7933130626251033,1.5369011374149486,2.134583427415674
4.0469060534633226,1.122090360651184,1.9217390138111943,2.0873014670792625
3.0487612823822676,0.9829382813595677,1.7459569955851577,2.119597274556748
4.980354993360513,1.207505336984874,2.074865707937907,2.0563063738732006
3.4764071094558204,1.0488306000018235,1.8618505948875654,2.0856154672318583
2.162015977919158,0.8114714762154254,1.6821125191151787,2.0983856468194775
2.331040566830952,0.866832942345586,1.6378893419400524,2.1199534425019193
5.680154829461636,1.2839687715618935,2.1154914703324197,2.0621114520158756
4.081299304997775,1.1574933815897714,1.8313770735630612,2.1128041136884637
2.3594107635835093,0.8753517626389344,1.6509417672215203,2.119505205349664
2.1625794479427416,0.8406512201129028,1.545275989397222,2.145146499106581
4.29450372295854,1.1666995173823593,1.9660819715824231,2.071418465606911
2.838178889773597,0.9617691804307524,1.7533556179900023,2.101289362098187
4.486958521648086,1.1839124916762473,1.925561501271313,2.0968088566762946
2.4344984337007953,0.8908478303296213,1.633842767307947,2.1284996289721114
5.117597879381071,1.2176754865405894,2.056592567988612,2.0765870358119236
3.8974856663992075,1.1246252622684243,1.925959171865413,2.074539031203256
2.9360809546308615,0.9847874360406472,1.773740374524638,2.0974620254350023
2.570717708562184,0.9039166617254618,1.6674471070894505,2.129640848713137
2.090427359592533,0.7961323176003763,1.6424683015572459,2.114235239676266
3.497973621266421,1.0623903340690033,1.8396602691200628,2.0917314619376817
2.9462719539593802,0.9497828447551004,1.8289606094459625,2.0897978818747127
3.546796126046787,1.054191820468075,1.8766930853327195,2.0911894823061723
3.9147503763290477,1.0775517419084404,1.9294508802893169,2.0889325880040808
2.644652989463059,0.9463720859892839,1.6543225335312044,2.1257192034497927
3.9107015087800105,1.0749172120827084,1.964864578942663,2.07417906687015
1.8745902945861028,0.7614412744663267,1.5597855749084257,2.131222079727285
3.1984407030692723,1.0229995121980149,1.772716850121412,2.109310169118054
2.249564085960794,0.8673791806609161,1.598878958233887,2.135589245618596
3.5221275002083665,1.0800483855100977,1.863050490646335,2.0912241398641584
1.5774728158709481,0.6772901580358065,1.501652801760887,2.1230560931391484
2.9343335464570712,0.9745911127340516,1.7598564731353668,2.1073394365735285
2.5490736008413353,0.8925999421838299,1.737030556807523,2.096887555934056
5.342580566026209,1.2206836277681612,2.1403584725736806,2.0534682250954184
2.791677935637048,0.9243679354306569,1.7797087547675863,2.101755105760668
2.41030075724502,0.8949172896802,1.6646614613406248,2.1123896379872815
4.366690066169136,1.128840560091808,2.027230371425427,2.07045449232631
2.516528564466022,0.9092119244022907,1.6523484624316431,2.124906884068392
3.3581306704240137,1.0324982321634362,1.8839156931763212,2.0724810225347503
2.9895927886915916,0.9904342065857993,1.7920986670195291,2.08847222626243
3.4035279494829154,1.023612410429626,1.9007851736623933,2.0739963594504043
2.3979554800690615,0.8791619700483625,1.609217041888495,2.1365766809665945
2.1617663573825094,0.7821946170467855,1.7030403322369367,2.102460500746958
2.3248914569398917,0.8478554720104965,1.6870164977811446,2.1077857733637275
1.476991926350837,0.6526922141584153,1.4341946290503549,2.1453714698408426
2.009558008222957,0.8212206308859202,1.565885364923972,2.1235303059554127
3.0348068636069208,1.0016187979619704,1.755550117668078,2.1086144986404824
2.6661040513284715,0.917414686135945,1.7104385662058008,2.115607232541379
2.574558111951836,0.9154188896765785,1.6755536327974672,2.1156687552817726
3.393163046897191,1.030518379447258,1.8213844320953492,2.1027633601078923
3.451932379666203,1.031732498396325,1.8594850345444274,2.0888074103691725
3.9999638159973183,1.1018823777499784,2.0200124074791694,2.061756165183388
2.781751263948621,0.9325348788975258,1.7537488019888536,2.1069149200817745
2.0922055558069754,0.8466457072579335,1.4855310815132365,2.1596295093832896
3.1673664871952854,1.012959976834263,1.7909124092347808,2.0984479247551864
2.5985958678632612,0.9071352438770762,1.7805404015152422,2.0844134782530626
2.1305779106986344,0.8261869448417577,1.6346239482801008,2.119124794096421
5.063317526378951,1.2065257546573436,2.113159008086089,2.0497166570519756
2.563513660758205,0.8834757821815737,1.7823425699437456,2.0903556102211414
3.9398898759408807,1.0804027763928445,1.9374686247107296,2.083189606931677
3.4754677454750964,1.0405702529924619,1.884276159906336,2.0885447847042604
3.0682513819393886,0.9645429248278243,1.8989508561485,2.0719226865338096
1.5512067988485183,0.6871889567289564,1.4408539046929483,2.1422517820248155
3.1469914078974632,1.0156441086215373,1.7686447115707609,2.110372784678003
3.0955304232712493,1.0266593924260252,1.7408199318074875,2.1063296544530488
4.634471748449183,1.1960969377176214,1.9820338420614902,2.087184954503111
4.066016640035141,1.142074191302129,1.9174758905818146,2.0816457851705477
2.685394049871573,0.9250750087635838,1.731508293967812,2.1119938539526375
2.6254131825324984,0.9387373369024997,1.6593803215147755,2.127195996563106
5.244889872827373,1.2324800274662762,2.0901488989471693,2.0658764821766438
3.556674964124192,1.0602209779493088,1.8852071957255374,2.0883077996557358
3.1678199852584683,1.0059544573157972,1.8092772353797006,2.111535678080472
2.938962726268865,0.9869831080371877,1.7395365459175856,2.1096264104346907
4.618243712882859,1.1907780813446405,1.9619173693298975,2.086655519398506
5.415176538708812,1.2467700876033676,2.112877406461599,2.0665399985668604
4.406989865000758,1.1729681094840692,1.9612496596549656,2.082021566097798
3.1800477999098624,1.0055172459143022,1.8405865254915943,2.0878893820349527
5.2162175735942515,1.235154506393522,2.1520551241367434,2.0385694653324546
2.4091119206866107,0.885669607364199,1.656141477588693,2.1154286302514307
3.2958927099527897,1.045351883762512,1.7461918501824718,2.11085878733721
2.2591099120770246,0.8466604640723259,1.6449379583087944,2.118801398605173
2.3518760573738713,0.8827715746884369,1.6234167165749112,2.127756486735554
4.388872494147798,1.1573303101230186,1.9759154764466773,2.076530522519314
2.2829112393498456,0.8430944173511161,1.6581156715423,2.117190607346937
1.6251964354148312,0.6858538275913039,1.4823740164120327,2.1342716064751914
2.689032764321497,0.9353995814333751,1.7056324791654371,2.1155980496281144
2.460185900158437,0.9014487204817383,1.64993208503837,2.1246822057829937
2.9548819766422842,0.9901846609972113,1.7317583070021882,2.1081817445502904
3.373219448800527,1.0380935053724825,1.8473897761738136,2.09034409228728
2.3712125573547547,0.8824325442442382,1.6583759141628276,2.1137514929082717
2.5426122263437114,0.9301567314500363,1.6302128711167174,2.1300980613766063
3.113719372203119,0.9960038074731699,1.805072450347659,2.103386516322931
2.6554088029755665,0.9356284350348788,1.750314382416813,2.0879796918577505
4.147304041276823,1.1625177394319972,1.8560901978222522,2.1081867109360886
2.256111306166795,0.8445318751950389,1.6931625680254683,2.0985831873543663
3.3383313376796737,1.0260208725318467,1.8476019415814704,2.094174948740341
3.075791502274873,1.02575872176192,1.7501759873506508,2.109506234006062
4.008796477823703,1.1387532130326306,1.9085180411921971,2.0844969325887726
2.3302308024160414,0.8439199177350996,1.6888510965370225,2.109990360841266
4.267831917665407,1.1214336929311437,1.9891804858207969,2.072536120127993
2.2118295457759305,0.8414841444939438,1.6602356630361215,2.0998325485352205
6.292688754057186,1.3337443311545745,2.1593828824290853,2.052836028526857
2.3578095322527,0.87085326004895,1.6474005557506053,2.121989406369053
2.691167518157727,0.9259304494773037,1.7148930379714762,2.1231381359876145
2.9563294246969005,0.966220891587456,1.7622673559335693,2.1093231181614023
2.2544645486845165,0.8566424494174939,1.643567165253014,2.118296269108065
3.0885884160327066,1.0015607246852063,1.7727441400715955,2.102300481711363
2.595196330618028,0.872769165312955,1.7713244884197827,2.10188984595112
3.266394778021436,1.0365650086096443,1.8170783654422782,2.0981839477987285
4.093536841819006,1.138951344858868,1.932418931475474,2.086949094345329
2.0510513423437637,0.8123831632930905,1.5754916262357823,2.142222650637067
3.4723754013757127,1.0798175077707957,1.7777274241282395,2.1127040541600697
2.4849827948982908,0.9079025778258297,1.703884411894504,2.09743839742129
2.7473645742508377,0.9845375526308009,1.66547802651238,2.119014754118968
2.8519360328807166,0.9442307423260936,1.7484228938855377,2.1120118940167267
3.7400752467607288,1.060324733601932,1.975170431848548,2.070942365682784
1.957071049244875,0.8017218535840651,1.533149629425633,2.1388005634280884
2.5187418938131887,0.8932008593672317,1.7239302450543528,2.1016402025950414
4.039401425102822,1.101391584163607,1.9685112481583602,2.073406255023312
5.570923854013051,1.2584507116117591,2.10262304163825,2.0692730375691557
2.51561537417935,0.8834305042710615,1.776913480077128,2.0812050725073825
1.6895971724103995,0.7066991083684449,1.4922033537280455,2.149699613902777
2.1393363823120097,0.8189327905978923,1.6211940780709135,2.1172595993136767
1.3730290457489231,0.6091599582660956,1.4069812972724796,2.1625483040791775
1.1806094416961108,0.5606162020970848,1.3040065283706381,2.169220197118577
3.2874241936492568,1.0522898424729696,1.7913677744318117,2.1076552264754205
4.466112900106864,1.1515067474485012,2.013483770656829,2.0679448564535834
1.7170582211806302,0.7543911776640518,1.436712182781542,2.1508846103506505
3.8245410604075905,1.079249038091098,1.940188222774778,2.0809080202454773
2.884471818943167,0.967402806375272,1.7653266213413379,2.0962322656260817
5.4054234350637635,1.217023264400016,2.19253380719914,2.0375055594803695
3.4379168450203363,1.0658793237971402,1.7503660095528883,2.136457130966243
2.091623616785537,0.8038050909328789,1.5926347978164406,2.1338022739002587
3.5168282986175514,1.0848174407242943,1.8024173660766736,2.1031311760292573
5.555923045169632,1.2496721501938304,2.1694246296123207,2.046695124777022
3.359602708831255,1.0164772709247212,1.907303822812064,2.0790901390992067
4.914514869299679,1.2231912323148093,2.0656291250046688,2.0556552588042654
7.180632257161025,1.3858318053975656,2.2247987405344243,2.055036046317943
4.4397286518810875,1.168152424338147,1.992224880494232,2.069172563093045
2.9314118729145626,1.0160812403055972,1.658296878033089,2.1279115994174163
1.560137147514902,0.6641454168169443,1.4833727910137162,2.1395824738626774
3.4358689978966894,1.0502507313659124,1.8360198265667347,2.0897625627064227
2.9990626501204214,0.985503058694328,1.7192649673364626,2.134892879680298
3.6955388043055493,1.090063853268117,1.8627927435209521,2.097086231300158
3.6428542995068147,1.066854427828079,1.8730464176466672,2.0953583515648635
3.322975387308801,1.0273292051074687,1.837958234185874,2.0876535409906594
4.323067326639665,1.1421330381701778,2.019119488355418,2.0649139210775997
2.639594279363346,0.9441903070073453,1.6906399381744108,2.1160367670213756
3.640707650764699,1.0562003761487282,1.9208744257795245,2.075948014277887
3.6307041828801943,1.1066770311323804,1.8406101465791007,2.0965188305902456
2.6500061005541755,0.9400959002383229,1.6903157246484926,2.119250806094181
4.818333519418474,1.22087061505367,1.9684349748880159,2.0872903468088517
2.2878754489797424,0.8608180535143578,1.6411847453156423,2.1261492077266033
3.2402531290008865,1.0274442386715015,1.8009385199803476,2.107179303265338
3.0074073522754525,0.9772936137637415,1.8122304746952629,2.0952822593044256
3.969914028193551,1.113268193229957,1.8940562365192577,2.092021352289455
1.1422170598060295,0.5331937115006217,1.343782616410781,2.1468667796465426
3.8272630770855818,1.1100143057992513,1.9252746130973228,2.0706077051860885
1.308591417713155,0.5928994689541874,1.3745882427559872,2.16038102044946
5.556989979502986,1.2846033370071928,2.070208887249761,2.0794584740173105
4.444477226075195,1.1452192930122784,1.98961032803533,2.0799887573204603
4.142863120851841,1.123188512848487,1.9466713939587676,2.0862349017460113
1.965529967647058,0.8090633690892634,1.5032713924721162,2.1504191255197855
3.877097197904656,1.1216451272709214,1.8924462709886303,2.0866777037467736
2.5953186640795405,0.9209988120704752,1.6878602002064607,2.116132537110911
3.1282563948713213,0.9939222325641173,1.8291167940886928,2.096964813914272
3.6671618392869627,1.066413920438278,1.9290285632877815,2.0699006492654033
3.494184154820127,1.0487696321243691,1.8797588488137196,2.077863218337621
2.464776913305786,0.9008980334559282,1.6612415171504358,2.119747295814764
2.9749572040208743,0.9961688577329526,1.7661087807508837,2.1090606573789605
2.2175487961621982,0.8629520447044736,1.586112147246794,2.1294514742220287
2.4955027533340064,0.9036681834964214,1.6826694416643861,2.1071387904107732
1.3804933031182465,0.622786787684783,1.4138437808027535,2.1542371735942485
1.7980552127062075,0.7521946512761567,1.5058671080769486,2.137230631014544
2.7810895075303277,0.9422522353180378,1.7331813427552547,2.112490986200004
3.0919748219277223,1.004753857982696,1.7726338744057346,2.11021982782697
1.6189412741701166,0.7064465891955994,1.4670722354414176,2.1474728504959186
3.5350682659426913,1.0605681487144427,1.9034747155416785,2.0707533328105057
3.843182937146204,1.0819063035136633,1.9835582711246205,2.0685727244974843
4.487223367681341,1.1888636636627883,1.9683966671325184,2.077222250196749
2.5172636259897745,0.8806474751104604,1.757266756480557,2.0927754265172496
2.6752025428369235,0.8978742025520109,1.8183595784800142,2.077804078767646
8.839063884502155,1.4659462943450121,2.358914054769449,2.0446121094566165
3.494804857477115,1.060174825026604,1.825618686130653,2.0955688004375452
2.0642678298353627,0.8511299799694184,1.4844419039260115,2.153794452366926
4.293421935211458,1.171637454638723,1.9150164822534301,2.0838887564006
2.9028214001562307,0.9420408637906725,1.799053781822452,2.1066421528889245
4.946814941193676,1.241400068631738,2.0561225077148375,2.058759264338345
3.3490568060924515,1.0485263866694072,1.7950403149447998,2.1069286786820727
2.313081440001745,0.8617404623455045,1.663518971073665,2.117153675176024
4.105014540978025,1.0932964557148992,2.0315539141347605,2.0682700075856157
3.568411178478862,1.0791641390363163,1.8469083245562719,2.1014659681361616
2.6630323487822873,0.936127063628021,1.717765086509427,2.1079450467398613
2.616068276587631,0.9209470971284915,1.719955087278893,2.1074381319423376
2.5263972778657515,0.9350473536017507,1.6273463376039374,2.124203404123489
3.4782665492366664,1.0435199959699832,1.9007615809454914,2.072866425360888
2.754915802545574,0.9359258762627004,1.7383273040032188,2.108746726706504
2.7691840785268687,0.9591799884628711,1.7464467508934194,2.104526127078636
2.6768434430803185,0.9358049670229541,1.7720816487218154,2.093501244061752
2.9406633062281466,0.959507840006291,1.7320650544145184,2.1173943815691896
2.5473858941108762,0.8992254399727821,1.7003672408868578,2.106043976076943
3.4419111557699744,1.0625999562111894,1.7983863096366837,2.1081119427738964
2.9080385822315504,0.9552684200250706,1.782412655661541,2.1032260367953293
3.8121797812832177,1.0996184947183574,1.9364064471002689,2.0807758850503
7.238925796467639,1.3849771724784945,2.2210776561642325,2.052225610480324
3.368066858545659,1.0573864503402746,1.7861876496305173,2.110265383199104
3.5331153154814148,1.0836385660128824,1.8497494500358431,2.086894978345069
3.91193858510665,1.122696769919086,1.8506629770000396,2.0918929798401718
3.1797690385985513,1.0238839078037327,1.774758245075433,2.096611633295209
3.885212359886574,1.1109688838372724,1.8664800023051953,2.099461975058383
3.8543246797368673,1.1440718217749084,1.8325962462250127,2.098713925260187
4.899194424869309,1.2126145527195362,2.0399122320978615,2.06705804794417
3.3171960605294664,1.0324959560082323,1.8492809668885002,2.087944773661755
3.314927207536533,1.039825287139583,1.8423288379778078,2.0926865676635806
1.815628153607382,0.7480301443166942,1.5136385040885123,2.145824202094961
3.4407335894019173,1.0457631496028716,1.8328216620282352,2.108740218700869
3.38385397519598,1.0472412772200173,1.8157353190459669,2.100825306539148
3.0212659637973216,0.9754478577540816,1.8633623687846346,2.072644785517153
3.3119045675329977,1.0350042474009231,1.8329245089621893,2.0929894041893897
3.2209540425275165,0.9866182978306743,1.8741013428050437,2.0824894513772323
8.340159354605047,1.4857199489862993,2.2163247445715433,2.065195026481739
2.92834057145123,0.9764357821288981,1.7340687448031122,2.117814820972186
3.522826839112263,1.0716053699149566,1.838195109959372,2.094092758078659
3.3373648296713867,1.0092882859066776,1.8799310811505043,2.0926354868082075
2.62292159223632,0.9370725570402985,1.6910106040566724,2.1113882861770303
2.0077959023576453,0.8057774724033989,1.6205020826525323,2.1006383561569124
3.0616147677977485,0.9702241008052138,1.8202668986646635,2.090203013161254
3.700483873563963,1.0451258888184924,2.0086625898929134,2.0610311537783783
2.3610338300795966,0.8289521995155054,1.775619966874808,2.090960230766462
2.3460827382609173,0.893057487076736,1.5992449375977604,2.1309611985115877
4.049624744588187,1.1165561297492155,2.008020827011802,2.0654806215412855
4.7703151644688075,1.2280952711906747,1.9603986151699682,2.076825996976117
1.828976480489546,0.733793453663167,1.5909611047233128,2.120762699696142
1.5000575027063752,0.6500297394369999,1.4829770515715721,2.129980229038401
3.7354611760288403,1.0951345000441715,1.8604113411405527,2.0946346322984213
2.6316675118807646,0.9281330015068413,1.6938195638987101,2.1069066866454014
3.293390887023132,1.015969462528759,1.8217579608763192,2.1058750895871143
3.0342901352891087,0.9634833776319116,1.8162313257299543,2.1027475457587945
3.3201174203398907,1.0114469057286395,1.8727252863307369,2.09051319474203
3.038095351368747,1.0041193397577959,1.7849819748187687,2.0940023269182366
2.6587744574718153,0.9435778045597205,1.6311195409557808,2.1507737987210964
2.0446886196673804,0.8213716415265324,1.516993423317107,2.1599019511273405
4.819454374854378,1.196677917329656,2.058841720528982,2.066679610426582
1.8856732928313384,0.7852051110022917,1.4774913361465167,2.149755929005466
3.092847691535245,0.9794355190443622,1.8596643765635699,2.0744411351417544
2.6798974041139467,0.9530036833715421,1.726007700057728,2.1017812691153757
3.375099791570938,1.0630804000815748,1.7734457359312772,2.113990134932589
2.5973507929268056,0.9129908549924652,1.7414140568335261,2.097697254419972
3.3802147493408454,1.071426620572726,1.7407685013141143,2.1264639030875028
4.425165796632914,1.1632049859730338,2.026982061320358,2.055078769936816
2.2391865486328753,0.8662854239862768,1.5997412771386887,2.1316229767460695
6.582611911781682,1.3254421653133854,2.266948611716663,2.030586383818459
2.1895733863106264,0.8489771152700756,1.5824520396432715,2.1287906879702576
2.3480488821599153,0.8886592550562997,1.6086833608499067,2.137285979662435
2.283571006717163,0.8439639449069658,1.664327770703796,2.1224163569992567
4.396775205742934,1.150409860783222,2.0313647341318024,2.061827044043837
3.407591094396261,1.0452917582394856,1.8182937923964295,2.101483382350649
3.2846004694807163,1.0357283198798655,1.8576086338236033,2.083722596090452
3.146548081299154,1.0041858921921234,1.7933089657977817,2.107360792006765
4.663119353868409,1.1841813471152034,2.0338188610136547,2.066765908156304
2.6686979244087428,0.9315820586412645,1.7167966739855516,2.107403868373175
2.446176497474191,0.90651064266489,1.6360394879271998,2.1356875450130057
1.817880507736091,0.7537116771626446,1.522616314844549,2.1292400880204525
3.8814941461172734,1.1123543482017506,1.8946028012175007,2.084840270476258
3.0949731633250805,1.0110922382537249,1.836942862425788,2.079022943080905
2.819720665867778,0.9383368306920832,1.7430226311181465,2.109388346456646
3.276099795804571,1.0621804747557433,1.7311595103441584,2.128614109768329
4.171622471744199,1.1543931224812967,1.9028080872709645,2.0983812834587496
4.523002753373365,1.1555666364078907,2.0433092949339327,2.0618026548226562
2.5376180190988826,0.9478155953299958,1.617373120462292,2.136720744657688
2.8131682475994206,0.9471902265771452,1.7430817260574816,2.1047125021307447
3.1118248327067075,1.0060132832888504,1.7886578989682456,2.1021322165447396
2.527411343405443,0.9331414694090986,1.6524759901786057,2.1185091913987453
3.3085022723895996,1.0259691728820823,1.8454094984721723,2.0988975683325273
2.7048465457077717,0.9433011507939394,1.7549019992460728,2.09691126527982
3.4677443536903154,1.005518348204347,1.9497925251729071,2.067456354161221
5.481318680963954,1.2992346875276009,2.018691007398703,2.0834260162368863
4.7916424644302475,1.1969399079260792,2.018444955663677,2.075374989643694
2.5434153354221363,0.9135384440918127,1.6842191031925575,2.1141063895775054
2.838782342314021,0.9720343505748011,1.698067333618313,2.1233733571046605
3.225359090607201,1.0234186563918388,1.8291092320957554,2.083917158270116
2.8316441988344456,0.9479756764894399,1.7800410126743338,2.0892528376220003
3.4912376975966324,1.0661150088269935,1.8814842388840443,2.081521356352842
2.6122414555934377,0.9020057673011957,1.7731323158893884,2.0880897586110416
3.8539765100669956,1.0709758245221308,2.0278118674532113,2.0502724452464336
2.5727428221180713,0.9290250461589425,1.7078628051652505,2.099509859115451
3.6552013342988277,1.0733724943680847,1.87939127653829,2.0897202831894632
2.389729283796101,0.8917121014072259,1.5891278439254328,2.1390465857502825
3.402959379546704,1.0550255732415743,1.7971404640165558,2.1072132305734077
2.873546262912044,0.956023839759043,1.761931793397628,2.107734303000042
4.121959252475833,1.1252699594409097,1.9150408899455837,2.100883883406081
3.019920834107728,0.9983671940536034,1.7048595113782092,2.134621943461163
4.857250895745759,1.2022606926379433,2.0222552530929794,2.077632288941196
4.687882995743843,1.2385790002674497,1.9075783276075988,2.1015311358261646
4.0243390418815705,1.122644506932361,1.910620709720158,2.1003071544054923
2.3758607470352127,0.8650910562810232,1.7209629964340725,2.103189153687032
2.114244509528198,0.7992024919713031,1.6543859324955805,2.1036881476526865
4.097793548120392,1.1246121927882518,1.9820800553472955,2.0760944322924555
4.383110533592757,1.1770358219931685,1.9496162350310635,2.079362624925869
4.523182404526835,1.1744296149502993,1.9549936767966833,2.087853863133996
4.315205282648692,1.1638966237974278,1.8913922508398666,2.1063466387319356
4.558985786673692,1.1588600292610938,2.035637926812246,2.0590155007241635
3.00425965558007,0.9657198204849058,1.8880513650195678,2.062384626112682
4.775551030234337,1.1958013627466841,2.003661315837602,2.0810663249647647
3.5659561848193886,1.0833229616957296,1.862150103930043,2.093796597687939
2.8735129947801066,0.9645357484170347,1.7574378345341595,2.101390872243153
1.606790546432424,0.6893156022612822,1.507258730406866,2.133512810210358
2.4003118135964074,0.8852336085921647,1.685454227081529,2.112938324673317
2.7792930221532828,0.9523842254793182,1.7156305347010576,2.112340865170091
2.54470845163539,0.9146426821063598,1.703623003402583,2.112710082192828
3.9555851436785363,1.1128377557569034,1.9339673355570342,2.080044297343204
3.860367029539178,1.1217499648892628,1.8764343281952052,2.0869990959343467
1.9472581947457022,0.8020635418250552,1.5097631133173273,2.154480881306345
2.3528552462744403,0.8517595959088472,1.7060954540276503,2.1059168331376856
1.8165877279956872,0.7754956853410253,1.510179451106048,2.144671107823616
2.2939596933925537,0.8392408859736006,1.671724569696365,2.1055092927300576
3.191151220996658,1.059703912762445,1.6755878534005584,2.142701218788678
2.7128653179878617,0.9594397432772068,1.6574832286283028,2.1288753700207326
2.0966310035123192,0.843352624497874,1.5757526755020372,2.1275798721147283
3.9996680758690184,1.1110555274148775,1.9491029903056547,2.0774167014563742
3.2113250258094803,1.0309501389700484,1.807379486614546,2.086299799260642
4.619828461269993,1.2018835569402604,1.9469314318379214,2.092202476314728
2.8686028684263207,0.9625554115445147,1.7515129768145095,2.096722330401904
3.422194318655477,1.0429216165568371,1.8491554544673117,2.0998433355533255
2.338928620284243,0.8494524259721503,1.6724511981820709,2.112690640446569
4.386610809408919,1.160257013505558,2.0200443122545884,2.061578886838684
1.8813914884408125,0.7722894778877863,1.5610414268610928,2.1274803982231103
2.7410061814869664,0.9489808618194688,1.7381290137044882,2.1012985718669657
5.534515862881511,1.2503239388413354,2.152631757370821,2.054843956795421
2.495463116960319,0.8946035311812833,1.68135999245482,2.118786842242407
1.9121681941699054,0.8149320150299502,1.4902669979460765,2.135844620055104
4.125129602522498,1.1521406285548066,1.8982962124679237,2.086269788495573
1.6911327431066339,0.7031888233784758,1.507488664068624,2.1465849156684524
4.340324124782893,1.1738434022125803,1.9107066261124879,2.1050983340007217
3.260975273674328,1.0115117534442606,1.8411871529613106,2.103773565751726
3.496592178493938,1.0276055511072046,1.9309707148574626,2.079139182680098
3.9673614853254833,1.1445533609090865,1.8800399253905509,2.093514205530789
2.5720491789662967,0.8852208526417269,1.7122911863253012,2.1158808004453626
3.2864219117388456,1.052026203201665,1.796596561167379,2.0978297440137808
2.0149684358190596,0.7887613637984537,1.6125020167094337,2.120905298298453
2.800714807057762,0.9420871338025102,1.7562866364604965,2.091607429294863
3.904219304783085,1.0888849154785922,1.9265032663293018,2.0815121779015073
2.2373487614749377,0.8343581528645413,1.6110130971045449,2.1278179639023844
2.17912065355343,0.8401121729293017,1.6057661577007651,2.1208859205175763
6.57082953076305,1.3404401571722937,2.2051732069929253,2.051189883807723
3.7697882376002916,1.0921020147628617,1.8902320179926952,2.101720462674472
4.367453646909751,1.1378116816180377,2.0320215618139317,2.063026638896478
3.096694326099576,0.9950895440968903,1.8111207123770525,2.094189902822732
2.47918796709887,0.8962132356320719,1.6903851929574503,2.1040408326747784
4.299470637363679,1.1705145139504622,1.8883985556111933,2.1009825489089864
2.5042168037236734,0.9146385462950947,1.6466560899942027,2.1204927481150833
2.2813878214538494,0.8545687147758014,1.6135884552482485,2.134302689327299
3.9920048016259524,1.099895281061041,1.9781416622109302,2.073439703465378
2.8670407496551613,0.9563698042497621,1.742114506992962,2.0999728623795813
3.76462308666183,1.106162709893983,1.9100051041904003,2.077932427248898
2.765087305285992,0.948419702843147,1.6903635877182581,2.123883128500698
2.3713157168718864,0.8691322721910495,1.6750330972551908,2.1143547178047246
2.534725263226456,0.8950470518645759,1.7224328902316857,2.1090160936027154
1.3962106103367975,0.6260900810119828,1.395752205931425,2.1709348456798687
3.238586487805282,1.0200848126714164,1.786022732594342,2.111161086870316
1.7578422008587318,0.7485014595784782,1.4891766781812799,2.1405199714370466
1.9076600522930147,0.7548280692807635,1.5952421913294217,2.1121525496298097
4.940674711220387,1.2305939023528567,1.983194940403885,2.0813403748681005
2.7957464354660413,0.9541333709097981,1.7154844479379618,2.111691693311821
3.5552481029171914,1.069387646071666,1.8589875108910445,2.0976546148131265
4.462158625553787,1.1750133156948048,1.9268781530168269,2.0997016658804415
4.208440457975143,1.139940155845814,1.9223519461931866,2.0917079235462515
2.206488890523605,0.8738234456477032,1.6010266654564385,2.12046593899998
4.7188214655294605,1.1729471644347684,2.0452540147384894,2.070880776220697
2.9451629749444312,0.986930037355872,1.732555859405322,2.1229737665785073
3.626296211192398,1.0544749831860007,1.888825324301698,2.0945066071370073
3.415812991042956,1.0649182381026048,1.819575691637899,2.0863081001720363
2.438695022131738,0.8945019866804338,1.6540161727070706,2.120554133409661
4.15177971773677,1.134323205266889,1.9255808114396735,2.084417359815887
6.576593495506743,1.338802344006297,2.2393269259176822,2.0389999512855774
3.1318733263764424,1.0002679429818688,1.8361450170046583,2.0853105364396463
2.389393428779496,0.885261305798648,1.6564181040686263,2.1195223370235277
5.5014300466419535,1.2891585625820141,2.079130410333042,2.0655163927795015
2.6854369086438035,0.9359204760542338,1.6937923387022495,2.1162231693210836
3.508797604728644,1.0525110972636924,1.8529311289011958,2.0976630570702572
2.455745711535047,0.905882580991257,1.6325987200088308,2.1399129603949274
2.641201238697797,0.9213699485740625,1.7852324840962044,2.078640941867651
2.8822283620602374,0.9606459606332406,1.74587483072547,2.10131201492542
2.459400617588783,0.9135684574671757,1.6419188383690797,2.124094876766642
4.467646440530143,1.1770288496467798,1.9680730279105176,2.0719372195310095
4.209530834993878,1.160888457176159,1.9285862228617472,2.093005006357883
3.6734024456269023,1.0687530763227049,1.9541672528501721,2.0661058115865636
4.105369616920603,1.1528033985147186,1.9081707244040977,2.0890700742486685
4.363762102153224,1.158498001606299,1.9535977949473085,2.0861448277897052
3.4850283603308028,1.0574395284752678,1.8648897588178177,2.083969717901407
2.642563177113896,0.9545627583742834,1.6779771717524528,2.1088925128903373
3.6918844599410905,1.0792793323720582,1.852559128356477,2.098383658726766
2.0098226879202734,0.8232411923331336,1.5046871539020656,2.1548306407526203
3.5454643498941354,1.0737420489395377,1.8712213951502115,2.087163333055348
4.683597149429731,1.1823161654093772,2.0450175497501992,2.0634078513180096
2.4708426231360945,0.8639834686446249,1.784303222657666,2.081312134789934
4.82779959233792,1.2152446201373859,2.05147049306715,2.0629778304100532
3.12475694423366,1.011510395021152,1.7993745911432957,2.098546783482062
2.293422637021789,0.8365779452717493,1.6718678589599585,2.1185066619103026
2.091282132204446,0.8037538942680701,1.5972674639256161,2.135526200168912
3.499112811865867,1.0694784998481395,1.8064329985252765,2.1113309709336328
2.316013896688903,0.8619650174021396,1.628757500128708,2.125045358168959
3.0873510675096836,1.0120384796127928,1.7197838010889521,2.1235879850322577
5.051278088467741,1.190566835116963,2.1042124022756807,2.065761046803333
1.960894734061685,0.7908827669125947,1.5736109905512516,2.1334172248238485
3.075313560743995,0.9788078472524272,1.79519141097787,2.104933374985298
2.7369660518378454,0.92845556744498,1.7189770937145383,2.125895323680191
3.5520210560805663,1.0392382235973086,1.918077492010499,2.0744928896458967
2.8628607447493297,0.9723346632738172,1.7072906213354615,2.114117067610784
5.030289463299618,1.2266141913746347,2.051288375139258,2.0629673506606157
4.189074745741673,1.1369607757491298,1.907768890353362,2.0937580338326596
3.0966663108043546,0.9741991263090095,1.861091713933364,2.084316315045051
2.8363497279679786,0.936970616725014,1.8212711633148098,2.0877375541635197
4.438291090616596,1.2005708928473737,1.890717569731365,2.1010193160664734
4.797316666921465,1.2467883372283934,1.9353699400316327,2.0907198500773836
2.9849037170350425,0.9993843186332041,1.7254275448707785,2.1203033502326756
4.759587743503266,1.2125559338134007,1.9508759858995124,2.0946902396059874
2.6505165059373055,0.9170281142342283,1.721986231921074,2.1147707392565525
4.1125748066939645,1.1112020322425347,1.981847790298333,2.0776309935249757
4.364538807550167,1.180002810987938,1.9450672550902168,2.0963855422025777
2.6478615982604756,0.9196126618974108,1.7237556095027646,2.124706554278376
3.673375244017607,1.076376769762134,1.8635662389853593,2.098477258758416
3.180543135824603,1.0269987300551728,1.8162606371864025,2.0949962103000814
2.4698422738575494,0.90816182144133,1.6565686849170342,2.117482533158344
3.7123219528185274,1.0850865618787018,1.8592637990679004,2.1019437856379324
3.7528862314414826,1.1180775460013526,1.8148808172278081,2.113981800006074
4.584144085717863,1.206975403244717,1.9592178335222095,2.0878531146641652
4.431329196488599,1.1332370228239979,2.106037895659267,2.0454932219222295
5.17314022663192,1.2459316282122752,1.9851973134594603,2.0944248453884637
4.056954319207998,1.1379516769019746,1.8587620956226485,2.111092343907937
2.1767513203552515,0.8264463722248709,1.6061241629828293,2.13119469012538
3.1177154772059446,0.9937138357895242,1.8195422532938867,2.086904476857321
4.70831317706014,1.2147574972317126,1.9468763457731926,2.0916006657900157
4.164265610094754,1.1392374144045618,1.9542426751944648,2.0767381742527258
3.6196155072383993,1.0458130957226743,1.9290281628354427,2.0824388517756156
3.5993661815394185,1.079539014964692,1.8465285888492766,2.104390742431649
2.684438180479493,0.9401667436732468,1.65662974544896,2.1379616201988405
5.361823153776189,1.272263469563011,2.0905445915230727,2.060986047556828
4.355931125198377,1.1625291244418086,1.9548802067001216,2.0876286322547197
1.793141554378282,0.7479220606255439,1.5056931933734032,2.1419191102832946
3.2391921026762716,1.0525850240701815,1.735912272214815,2.122740816504074
2.9175370141612027,0.9934760204882589,1.7565814788730176,2.100222562829511
1.4174038244270086,0.6551833630096637,1.400082493081203,2.152934194477769
3.5981279674177764,1.0998949742854414,1.7514857115220475,2.133710811083366
2.297619413744304,0.8516315180456964,1.6561010417787778,2.1186047716863228
