"N","alpha","beta","gamma"
3.1573953656022593,1.0088182512510937,1.7994771139397678,2.101203601724772
5.684624432805285,1.3026858111943662,2.107970375266891,2.0656620692106378
2.85877528994709,0.9830469895499176,1.7368460755054886,2.1273251682179612
4.388669648059969,1.1478312335579843,1.9703684580235727,2.0902533590593544
1.6321516887530108,0.7609896020067245,1.3406067847155174,2.1955444125102064
2.256108408093403,0.8590854168595657,1.6253670949872407,2.1461559228550926
2.079440577387599,0.8383579735567187,1.5212401441192076,2.1544492518446954
2.899212189179135,0.9806205490458716,1.7681097159415362,2.1078172988359296
1.52934916488489,0.7036717654001646,1.3651296877041348,2.180543724286172
2.7922869279995908,0.9854882998319544,1.6862470639920533,2.1128366471627436
1.592303293758796,0.7133026961562102,1.3913918652635913,2.1821681879655515
2.6356737346839965,0.9123999792306379,1.7511792103107768,2.1059394384970727
5.265871911388571,1.2535809539050176,2.0377794823122217,2.0793604927526483
2.390998778130518,0.8872250514705244,1.6529700376149365,2.1364895216848123
2.1849207015274645,0.8495559647703774,1.5856676129565055,2.1325078533443764
2.813240162010058,0.9510856613381399,1.787254189055925,2.0897737255912316
2.28926326641193,0.8664132704325747,1.5799455649467324,2.151791925993362
1.8449104649369095,0.7737033683018496,1.4658725905350911,2.169248828315197
2.70918275106193,0.9317698699676823,1.7667612647792041,2.098768649473029
3.3801868101858084,1.048594391858517,1.7805080354488694,2.1128629871211277
4.102072672354803,1.12763992307148,1.9448521573196937,2.0906174961906427
3.1438605883066946,1.001529053628682,1.8261988130241602,2.0944956513252313
3.3783361818676205,1.0665615933060404,1.759841842445609,2.116784970067095
2.578432240952547,0.9412183481113899,1.584730193534229,2.151380055945237
1.5248605653988088,0.6762861317203035,1.4010956556791128,2.1717432749933807
3.6454461805076757,1.0688697863722578,1.9396889107200947,2.070705011639979
3.536997329604393,1.0515699149631832,1.8742262093478836,2.0896212864856136
2.22726615375198,0.8673627150056228,1.5990932926599966,2.125161946318289
5.612904099553648,1.3155243065400937,1.969253484659206,2.112530063938197
2.831243466626305,0.956582475988236,1.7393141349561958,2.1171431913997085
1.8600952018522416,0.7855894658073117,1.4626543234917966,2.1696470288168297
2.326339264484923,0.8992561789536725,1.5275037072929614,2.170864131271621
5.228303405764649,1.2204106709574787,2.09369758624621,2.0661176904605996
1.6044464626475938,0.7305127279736755,1.362650287953615,2.1932137639977687
5.991799763381435,1.291745989211085,2.177402791845702,2.050223464611952
3.1095616650835365,1.0148118167350875,1.7914243587751142,2.099542961360746
7.003831987562139,1.3613649164173975,2.302774271208109,2.0234536095671083
1.9461215009649027,0.8137147445472906,1.4451514402296708,2.1786896972583265
3.3226843912442763,1.0187982011753716,1.8580544151870246,2.085984100183515
1.8599453945219655,0.7848126104321749,1.4642427617396039,2.164989463447076
2.089243068826587,0.8212211353217241,1.5215628539718287,2.1636646474202004
3.0580014553555563,0.9861627164411568,1.7668673248160964,2.114733197018349
2.782452261861511,0.9730205121607036,1.7318016492190589,2.097847547833288
1.799812479241963,0.7769883179895026,1.4196341662278764,2.1799715759976825
2.3231665785754374,0.8780195022279055,1.5734409873380633,2.1641424997423493
3.3194479757341457,1.045198142773605,1.7776776921151185,2.108187233640902
2.31225046266227,0.850035422900703,1.6827417687917658,2.111923822946771
2.699857085913046,0.9651827277342541,1.642841347029718,2.132227672865493
2.439055573037709,0.8911334324218361,1.661496541011136,2.1291576013545064
5.555451402175666,1.3134263480438708,1.993013867744305,2.098917029976953
3.4767641360290873,1.0881748024561575,1.7355084089641468,2.1314863151514025
3.496287500664589,1.052696047189021,1.8850699271562164,2.0908236265979236
2.7548497874959583,0.9382670328266055,1.7178638556666017,2.1108205235719146
1.5535368022107339,0.683974790906136,1.3904824621382577,2.1751545167378215
2.3568987864082818,0.8735598076378551,1.6251556011176167,2.1345017546662373
1.2839775708791203,0.5825770791402777,1.3460584375581455,2.1846457143041476
1.9066469142905824,0.7731200484399402,1.5278795346069487,2.154080170131038
2.5898060473130204,0.9238449152153686,1.6984826608151713,2.1185418828790463
3.233187800660843,1.03295844749578,1.8042869474260639,2.1008644571622868
2.269432019381062,0.8698176417796821,1.6161619582038704,2.1303574948742714
4.720179324530715,1.1950157017493968,2.0367637828212923,2.0687573199591784
3.028453217778715,0.9944732131922986,1.75936519929909,2.1062793122525147
3.6113732519231188,1.1141711973319213,1.7715275362770952,2.1204868669487644
2.176133599552419,0.8732969570422421,1.5499189415996175,2.1445076718101115
5.2680816803021076,1.2494947822322324,2.0449577122369256,2.0819553173648564
2.4781848253379364,0.8958419161971809,1.6682467132460799,2.1275363806176784
1.6329939706695156,0.724903105385904,1.3866840772678095,2.181711554298213
4.797909199071927,1.214538898477044,1.9486494462640889,2.0915726039183813
3.145491772464936,1.049742718550077,1.6930500596629552,2.1235881552045477
2.867202893294391,0.9636921694357207,1.6705239187916376,2.1446966107424084
1.5973579716407966,0.6956904208069519,1.4120109124653175,2.184792059102573
1.9539262165565279,0.8065392868619703,1.5097213741619349,2.1611005698012193
2.4984900597856137,0.9269116258596498,1.6214034547068277,2.1336580551757085
2.799859167871478,0.956769980901913,1.73809365061156,2.1054600233698912
1.557449986176266,0.7205582826326007,1.3490526142737909,2.1953826707100044
1.692114812126055,0.782348997593282,1.3344419467729647,2.2014607288903565
4.015296355417322,1.1049663965798924,1.9804620696352055,2.0790405830248817
1.1452516489293454,0.5584741787440989,1.260394963435087,2.1934850614592145
2.1539116905811033,0.8591898939912028,1.5234333709867534,2.175985336521609
2.4619638287936794,0.9350152533941164,1.5372510429500765,2.1758147322680097
2.1693486758274094,0.8302515559218926,1.589746502624327,2.1355925790802397
4.578520213719608,1.2061900786881499,1.9104076643293197,2.112334534725986
4.7924499452776015,1.2165244144427927,2.0289000442519156,2.0642922039275016
1.9801300735277425,0.7927350368348697,1.6062229351609656,2.114717162379235
5.734918538731072,1.2538203039453435,2.162714325887658,2.058460099917789
6.4639959388056525,1.3294650084676258,2.2238782879215524,2.045668924628633
2.67675146819653,0.9620934279933446,1.6489141650285122,2.1287526863952406
1.740779384027767,0.7423947645097343,1.463668137813557,2.1552451343188594
2.9966134175854733,1.0149884603963264,1.7363937496200947,2.116032031745027
2.9135528952440235,0.977644679050326,1.7766181210143208,2.0990249811050865
2.485487555409171,0.934453537263533,1.5767392712779214,2.157567516002632
1.9831467774860385,0.7903364404083428,1.6069411296476148,2.124157330960864
2.4926266211290518,0.8911648039838421,1.6879843542892963,2.112348907226097
2.1638712874072366,0.8378463188838589,1.5630480202041985,2.1347756244866893
2.888969562448448,0.9901963762595857,1.7286675075759679,2.1106697053341126
4.45708310524823,1.1673578997990894,1.949614390279314,2.0925157494163558
1.98998859087869,0.8098331763255416,1.5399242266990751,2.147703695280367
1.5680663431179855,0.7302600644299618,1.290878092921002,2.2224233282705153
5.37465016826348,1.2822698110931998,2.0106586543707694,2.082872130467122
2.304904153250427,0.8517989429386604,1.6658731104766356,2.116077797277517
2.8755491711919694,0.9610966098771008,1.7497438630552486,2.115285779082076
2.78721693720458,0.9454410834134637,1.719164603655188,2.124095449300355
2.450782086744243,0.919103349771806,1.60283949861823,2.1434830973097023
1.9723474392784746,0.8145827271274488,1.4654124604214511,2.177564544626472
3.991211142775875,1.1172300383309113,1.9100156345856882,2.090300933501241
2.0017877437154237,0.786484342391221,1.5952849443047679,2.1199042372485235
1.791858769423627,0.7615510097577587,1.4992781705965865,2.149926704992899
1.0704120398358872,0.527709023984497,1.2091034407378694,2.2038670492507646
2.8719414573136985,1.0090083935546204,1.5972018347728254,2.1667983346461313
3.806013781846236,1.1195438932661617,1.8726265350099105,2.0983626124047716
2.7773201939261414,0.9482799957591019,1.768923867470058,2.093474357653916
1.8836522357314904,0.7832827970766586,1.4823136414094236,2.167577228420626
1.9325135314560187,0.8125437963359997,1.4874420432723077,2.1578407714543903
2.1759605619791715,0.8414495748858969,1.6216641541313472,2.117475920751275
1.501518916284484,0.7135297095208282,1.3642052050210312,2.16424010883637
1.7223178311600005,0.7371032172978047,1.4393569155336063,2.1657853560314226
1.0688469343693006,0.6008089937695607,0.9925561032721795,2.3136768874571447
2.05572766665233,0.8280169856387505,1.5540158187660866,2.1349889228410404
7.774794757106739,1.4384574330766773,2.3042361032685577,2.033102346211904
2.000024903906899,0.7907355384288646,1.5658410721773828,2.1538222200917785
1.7935306643404565,0.7409983670667464,1.4845425827747158,2.1629852350618055
1.5888046534995708,0.7263966233340343,1.3417760860861703,2.1954099176285715
3.7258852497308474,1.086267440600468,1.8659167737935758,2.101188129386594
3.5891769016472836,1.0789876293920078,1.8472637072491682,2.1101119926246863
1.6437783942803554,0.7633920740642175,1.3849585773264008,2.17407656406699
4.140566557023583,1.1329472987939548,1.9464523222006576,2.0877120584957343
7.07367390665932,1.4186877637036657,2.162345128391897,2.049522856299572
2.5668266650106086,0.9341424768430688,1.639949543311621,2.145344595972031
2.9281460182977708,0.9623593765941151,1.753327518074153,2.113433358936253
2.445835424511149,0.8902796283444416,1.6952061976709383,2.1163424911406654
4.400773774723773,1.1858868289259727,1.9459148895667429,2.0790325216662824
3.8063596047032435,1.0884540660339432,1.914334068431014,2.097807031641253
3.5853720723561358,1.0443085775178695,1.921750436280319,2.0768689259417883
3.913602165827191,1.0961376254634994,1.9257815737018975,2.0807850214681416
2.1987556763946876,0.8617571443240727,1.5554925400115005,2.1490093089821816
3.939738172966681,1.174000360854218,1.7446208771958893,2.139880118151902
2.0289621499670667,0.8078576000546682,1.5945186151140454,2.1264640244451716
2.702645810712665,0.9457937187315494,1.6644898163815613,2.134290275157483
5.132859460068399,1.2411252168018676,2.069128558243386,2.0670889165078035
3.5319808411975515,1.0834938549315387,1.8031897909293675,2.107007243583879
3.9064777207994235,1.1072621721481055,1.8446922798151777,2.1120923143811723
2.6840757773946713,0.9478624004171219,1.6668869029054905,2.1356937797413154
3.1303065657628495,1.0329944717207007,1.78743142773297,2.1067991630483784
9.071294860168127,1.4983515144074182,2.326469435463225,2.0510612223915836
1.9085048327980023,0.8240575813984934,1.4454858264765515,2.174642032934557
2.2639704548872666,0.8679295951322944,1.609157523161854,2.126568030213126
3.494686514456398,1.0742787175326833,1.8533495727169216,2.0882884533514274
2.648402037714858,0.9632526421918168,1.6251325907672838,2.136442825893035
2.152490388550448,0.8587992688150009,1.513055191368402,2.166356940524701
2.7798770472486107,0.9728270384969901,1.6636446794575797,2.1358878036077775
5.5762359892921705,1.2496250552280272,2.1668907217856526,2.063809558370921
1.2292113846938755,0.5371465674115798,1.4062574275046342,2.1540468798486305
3.2615163967761354,1.017377333694939,1.8325420284589289,2.1002835791480594
3.0215999996024823,1.0024771271178328,1.705737119943079,2.132776609275751
3.3031745408058195,1.0594104388385035,1.7768585737531302,2.1043067754453215
2.3364595791911205,0.897308722719157,1.5894871779991073,2.1488154951171854
2.8306125056329208,0.9617381138257285,1.736124249426457,2.1172730243304865
2.915531591077637,0.9756923600869174,1.7659936911619618,2.10569593204703
1.573089772590761,0.7078989425758822,1.3641915946796088,2.1864094404942973
6.203213675494257,1.3379043822329604,2.140789104786175,2.0689603670015715
4.776042853023526,1.2015816551760536,2.0374836170266746,2.0761765689672034
1.5930859871893301,0.7128908341401295,1.4036077098482695,2.173402398699717
3.0689468737349674,0.9889483542900837,1.8083040605744503,2.0943097116818445
2.0110198047355348,0.8337837522663376,1.468382253554577,2.1822376936848995
3.8829467854196125,1.1004320758095816,1.9419399675595403,2.0800161282211826
2.82310658089495,0.9742851967053217,1.65939686957036,2.1464769788190843
3.8588270982207646,1.1074501446498666,1.9111722878936426,2.0813949342949156
3.506936428095068,1.0726374577705562,1.7901174915556128,2.1172030048281516
2.1963084868637615,0.86935225208113,1.476451291554913,2.1835234104282963
3.4736315300396137,1.0742429719659126,1.8351529973712049,2.10004984692201
1.8197676662797997,0.7880306880101925,1.4182614035298882,2.1930632421180136
3.8120906701298587,1.1243638779544085,1.8217616168613002,2.107295118127721
3.337216315055598,1.0600606513699402,1.7638188329238076,2.1182517766553524
5.826988760199749,1.3329893829165067,2.009005635992128,2.097167802687029
2.5978571741329364,0.9489429313100533,1.5362532088218088,2.1811293734825457
3.869274494643775,1.0903113399002962,1.9525851855348282,2.0677729322241243
4.166373887720895,1.128499686737626,1.942582605371651,2.0888614819016715
3.785440901894945,1.1161197817647053,1.8125823920052326,2.1218676325523673
1.7018808991811887,0.7436670375885103,1.443327718128952,2.1586026446198576
3.05519580882594,1.0045360554450036,1.7311282597743882,2.122531604778368
3.3390460365560464,1.085943793925607,1.7276007335662502,2.126710646054443
4.9413495946937624,1.212513775575886,2.0777133826613374,2.0702932862447296
3.363700408275942,1.0064960517245547,1.8955495320569955,2.08063339839234
6.908185590865907,1.4083120789542543,2.1433057827762796,2.072340270097895
1.8477786691236318,0.7672928122506855,1.5095716315100782,2.1333202387714696
2.992464892928754,0.9857936758535557,1.7495262190160041,2.1105716776850434
12.193908085452469,1.6342029716040078,2.596780239787062,1.996282155558695
2.1698961781750143,0.8364477095277693,1.622290094906823,2.127331383636227
3.4046185132723688,1.0560686845649667,1.8567549192156771,2.087383120888538
1.4101442226196563,0.650015281730012,1.4004211984404256,2.172221969838198
4.041480613798096,1.1507489703473888,1.872311820767916,2.1033615301937236
3.831094191779196,1.0767002410370219,1.884882769528682,2.1016610569154413
4.092573849708317,1.12043993838243,1.9391855134962344,2.094329110148839
1.6138360492912518,0.7168508177249845,1.418519739649158,2.1647417776358746
1.1967502329803201,0.5771313678361085,1.2438057332523478,2.2107582086904958
5.292363865647916,1.2361526166636623,2.1128990005812764,2.054700765616039
1.4647400332274036,0.6690720308461415,1.3708569120877647,2.1754807631722186
4.474705072966044,1.1407699042992197,2.1096125187731656,2.041984985081729
1.7389142358004501,0.7424752000359429,1.4728790108467207,2.1528169935110255
6.99856665188329,1.400311546279986,2.167482209574314,2.063448289761621
4.325273410724477,1.139528385580443,2.044923430302802,2.0583327263123987
1.978812862560237,0.792839471659267,1.579594265592482,2.1379764817185807
3.8195012873350755,1.094629081200711,1.897293429273861,2.0882756017516684
1.3646299152676908,0.6280108127896817,1.3181755956593393,2.1728678604574454
1.8661100675540943,0.8010743590553648,1.41778542919744,2.1859084335968713
2.2007348386060306,0.8839803588857893,1.5648257410225321,2.144663142189235
3.0837206170970526,1.0160398806086215,1.7695558635074238,2.1009439632091333
2.39073083213333,0.883380805995922,1.6636098080927637,2.1287577194372393
2.573653926231674,0.907441015802229,1.6782941291480513,2.11742621550206
2.0286754286692767,0.8016848756063795,1.6066288693634871,2.125715952644693
3.140515818871316,1.0427851367829208,1.7653982785238316,2.099670930715494
2.2208565455795104,0.8355093849905499,1.6313966207551904,2.117217165988063
3.9496519657148492,1.1197818858903095,1.8931216760964003,2.099368524742223
5.2115516436099805,1.2487719336112555,2.0531032738904567,2.0686721581082534
4.041561525508326,1.0786917929362305,2.076685597512383,2.0483051940146875
2.6804289229604166,0.9218088441684401,1.7715913340282565,2.091671148403686
2.7832035317698818,0.9520395028858618,1.6861084187846556,2.135255473883682
2.7279563072051998,0.993269563790235,1.5793852599751288,2.1512078265804435
1.9769438926684662,0.7890740070837547,1.5224007081846873,2.167101001746332
2.9408672124938615,0.9738257839973843,1.7492746537483772,2.1162230126976893
1.8190350540593236,0.7632574889848476,1.455863259205658,2.1640108397906563
1.888174399007578,0.7843757540309022,1.4935386147498533,2.1626835276793934
1.726004361787306,0.7269623202832262,1.503920280134144,2.1364615522909283
2.4339799234310404,0.9181633037142874,1.6334040635224771,2.121749652291519
4.17002019507088,1.1347495234069769,1.9347131718740427,2.0883138830975247
3.523546338735407,1.0780115590036088,1.8380983085644345,2.0936791616495323
4.4466513060591915,1.1720044142220574,2.00770194700745,2.072384373573006
4.179046566632814,1.1800311375361603,1.9065629029608515,2.081135659673819
2.7443451668250627,0.9386594090295587,1.7408360191412366,2.116531834418056
3.397592467933501,1.0385389712870232,1.7873214507331934,2.1187347732630037
2.8371692599860396,0.9595969119459836,1.7722634670908988,2.0952109675831783
4.801758171764221,1.170549625655891,2.0905533224586947,2.063981882455225
1.7837148147264024,0.7561895626482019,1.4489293169825392,2.1745173182244235
7.552831823815362,1.4576176835044274,2.1223982070166354,2.0864134529838325
2.7397937666903958,0.9686983484857479,1.6702965845305524,2.1199381013769476
1.8518065512526625,0.7631061620659354,1.5064111557839979,2.155854442172911
3.867571812440295,1.0980203571901623,1.8782348996412974,2.1017903161668476
4.257943393418063,1.108400700629353,1.990595707274112,2.0749208565272803
5.32344971084513,1.2181452596658147,2.1493383241586583,2.0589651324277747
1.5195754370221655,0.6523367059640718,1.4682960427174687,2.1439203162820473
2.5924927791187353,0.9373650347184044,1.6208687254879042,2.143500915861673
2.1272830814495816,0.8575577492090393,1.492856397457767,2.161948016043575
1.0335951577644136,0.510481754414326,1.1990643722901233,2.2201657164778448
5.709989564875465,1.2985407059405574,2.0970117760344933,2.061548396126689
3.7075225031402557,1.086570297166647,1.8610037823363512,2.0952842230424684
3.0373570527022715,0.9920839858083823,1.7801658595743008,2.1163904282504897
2.0465292014402654,0.8203363643361512,1.5350392479263695,2.1452998057160335
2.5988992723164213,0.9370442210841767,1.6608929869928086,2.1216539473491127
2.9344641078463876,0.9564655811433118,1.8264886685500357,2.0884826742741565
1.8748155568598284,0.7550489842571296,1.604153389796247,2.116798682799883
4.763905241517111,1.1954282864104977,2.0037877198436154,2.0742670367683314
2.0587351722302385,0.8121072882658958,1.540414479575576,2.1582993690267838
4.464587255427786,1.1387660734656042,2.072037712641012,2.0583189571788045
4.43718050572078,1.2021613275826366,1.869237200399639,2.110455007788236
3.5475068488716577,1.1180925725096096,1.6918674460436431,2.1560583618054023
3.3442979205255914,1.028851053182723,1.8514752245613098,2.089878368210423
0.7262781648370048,0.3255475037918482,1.064027567368097,2.225991375179063
1.9488393597156697,0.8006376718914066,1.5001633169718176,2.151959438890691
1.1379144778686134,0.5357850179021248,1.2787273955197522,2.18177364803373
2.573699889181566,0.9067854648412377,1.7722449069226474,2.0860691275667955
1.9715767632750039,0.8425183036902274,1.4146590081750714,2.186019221125168
7.770185363907463,1.4454211967891697,2.238900601716977,2.0609052127948964
2.0552212477201506,0.8114632007134673,1.581599298653271,2.137881947199761
1.8968912422672248,0.7923306646721056,1.532270202412938,2.1384567437106896
2.180815504122866,0.8382138348004782,1.6257566236201926,2.1203413068504102
3.16147817556475,1.0268515368690323,1.7741561837508135,2.1108601273520455
2.569956558095093,0.9451843162168805,1.6374468082500875,2.125506610077543
2.2353658900532563,0.8640424752502237,1.524331275728667,2.168327858421559
2.001108844400171,0.8262451626720938,1.481688191229212,2.165440992043102
1.521695229359842,0.6778513889016852,1.3815992946738966,2.184940874926544
5.771378537738919,1.270423887001633,2.192084627791013,2.0420814630356836
5.370131778061869,1.2679015705837229,2.029131492155885,2.0787911464142703
3.225243030379369,1.0089603803759983,1.8271062530529298,2.0952328805897977
2.4729025450490303,0.9195375602874036,1.6281844788262179,2.1288909083233283
2.0668831341770075,0.8099014975638702,1.586514846882418,2.1351723894509673
2.378428537420563,0.8964537818683778,1.6011668636991245,2.1479118958526433
3.2351635172621265,1.0284762108491334,1.8152005275270862,2.0864134925970745
1.0664786243413622,0.4925458721512978,1.2856288818097714,2.177944153175183
15.682075714536332,1.7782721943870174,2.611409326716355,2.0159216312898707
1.3718809222560573,0.6424987816090495,1.3260399631064834,2.188984276834405
3.6136706030028827,1.0856547452912175,1.8605599643971196,2.101021026757554
3.022633835215581,0.9841506965202829,1.7955700335863152,2.095405967831956
1.807809722619028,0.7542015610893362,1.5067678379741014,2.1506064499395365
1.3925561640204496,0.6712526051030135,1.2368449341178354,2.2274878734189594
3.161282958267354,0.9893000252599478,1.8400360027871185,2.0995419178449786
2.197927808306565,0.8752905894732288,1.5196362897833906,2.15243151922778
2.095617355901496,0.8125919415879057,1.605702407686096,2.1356892264866776
2.968963977172713,0.955138065866292,1.891625275699247,2.074723839232758
1.062577598139663,0.4761804824059492,1.3112272677133026,2.1703842175385737
2.9128749918926276,1.0259014438798297,1.58020987099561,2.1696191613494027
3.6821527481291803,1.0806613439453683,1.837104033293108,2.1202607711911496
2.59362002643534,0.8869251266373734,1.8095184226329153,2.0838171063496165
2.3040996696107827,0.8690249687725591,1.5692788364358337,2.1720308060483284
2.441611311177829,0.9378173782836293,1.602016608883214,2.139184113654579
4.6241544833605985,1.2198229597942816,1.9317475771488353,2.0970364328361097
3.02704153296556,1.0017883328024602,1.7327871102848997,2.12420777042635
0.9536561572362666,0.4682840165352525,1.143150017816382,2.2382453882357747
3.7900263934861305,1.1100120319957856,1.8265639851808917,2.116929415779392
2.525810260865036,0.9148197690377683,1.6078966533797834,2.1514953562100283
1.7769543142692446,0.7693678993047428,1.4700945799258451,2.1607415677658537
2.0615494438556174,0.830892319327802,1.4844573972261752,2.1747882007111223
3.6854430488020893,1.0868669577640122,1.7834501521616857,2.1358587942615133
1.384919522513786,0.6459353351459879,1.298671493215594,2.197453740905251
1.7472632267076094,0.7668625424559216,1.4052303848839762,2.185747530607962
2.846251491601357,0.9849310578122679,1.6365819603748295,2.156619291811931
1.4816486226024306,0.6848843633152751,1.360633019132994,2.173441168620359
3.3862729155655513,1.0512337177693065,1.776850069513786,2.1148308825973037
3.290096174077252,1.0730417631507105,1.7570956222743712,2.121463512822071
3.6256792240638895,1.088019561015225,1.8058523481394932,2.1210147073895667
2.944196912710356,0.975283316052163,1.7330089081415259,2.1204686410652163
2.686423117742548,0.9375591920929779,1.712576091404825,2.118527834410286
2.3656663575371777,0.8887651827336698,1.5840942366761137,2.1498530784314664
2.132282357165002,0.8257609303139969,1.6253044252498217,2.1256371804430554
2.877443592049528,0.9784419632886536,1.7052481169442253,2.1269038641914637
2.442907108962855,0.9197275882689439,1.5517024460103035,2.166446174195259
6.174976082886794,1.358276017711026,2.0562169209886587,2.0758912259882942
2.7739664057745976,0.9754939734397321,1.7292224018428082,2.098653123242677
3.2578159752938087,1.0411907003021639,1.7525130292849984,2.1129705834426193
1.7411551730981223,0.7362415189325074,1.4666780954882421,2.1657333228902274
2.027970344705854,0.7853451572131563,1.6140172038680956,2.1226118539581758
1.698112524593156,0.746450173463529,1.3818513750615233,2.193139910949998
1.6612399409360685,0.6902112250733761,1.513246916208974,2.1471253269477923
4.78555274812967,1.1939883123377424,1.983344529341056,2.0950952450118097
2.207053058414311,0.8346143243340437,1.6609726687947328,2.112175623265112
3.742100119000139,1.09625982875083,1.8644993104521552,2.0900072612879437
2.5892331406282314,0.9287706963563822,1.6503435871134062,2.1305858837729983
3.9657266384665006,1.091496639553305,1.9293674984765303,2.083866526820353
1.7210319312982616,0.7339580291937262,1.4537883358140218,2.1814063321374175
3.595434198942974,1.071223592420525,1.857965163359175,2.113027633104048
1.894246315385212,0.8091614051990773,1.4252072742388495,2.1811729445323293
4.943632274174291,1.2235400549317668,1.9264223629352257,2.1195592313478273
1.3688271463264594,0.6397994699529514,1.3141428638411852,2.1842261292486684
3.9291275877132343,1.093542182516741,1.949742582585917,2.0895723376713935
2.2341089106286556,0.8673894475487813,1.569612866011978,2.1367928258773325
5.055634325549617,1.2365455880084883,1.9400574803406176,2.107637281031349
2.9777449735625687,0.9965088139812153,1.743290407588649,2.1138880268292337
3.0951083643078436,1.0277849689668013,1.693555737261857,2.1339047158457385
2.5507815702584975,0.9580598663552061,1.5984773384222064,2.148759081191967
3.336590276886221,1.032329173131793,1.7833644005639857,2.1298169315591857
1.6785736775962827,0.7173954294528494,1.4712808072163297,2.151005107321182
2.7468275355091882,0.9289458078142552,1.76919029807339,2.103796047797319
1.6902241436700147,0.7293142402461595,1.3983801389799162,2.1867728805081232
5.134521212988379,1.2347617436487626,1.9953047429641364,2.096651367768792
2.516243339403282,0.9100101633123101,1.6919778689385274,2.108441486212503
2.508413201527517,0.8871115272011542,1.6484975194694513,2.1494151557375907
2.5863155607442248,0.9246718986365988,1.6566446026607748,2.1326062038058105
3.7995141739799805,1.1123675494268634,1.8944502169312065,2.0873314887678998
1.358274087783174,0.6199148917419037,1.3460116095974102,2.1932514467308133
2.1947324650085775,0.817433804315636,1.6985798268821646,2.108449284523449
4.682012118268889,1.18006269862033,2.0444679639124326,2.063764299880574
5.876991746593057,1.301200074536312,2.0535190565079136,2.0982617813327673
2.96330098645965,0.9883218692989297,1.7265543449162333,2.1255672739532696
2.7245113247382116,0.919977171162283,1.7905565534942354,2.0947651913662804
2.913646662260909,1.0016955224797432,1.658626080861942,2.146634343567391
2.781237234505285,0.9735460192592739,1.690474914837915,2.126209378331307
2.1508054038540116,0.824540236065855,1.6270626174560294,2.1313147228566343
2.525290739220716,0.9234181438958537,1.642966525321752,2.128633272826808
2.705446924789561,0.946924437694122,1.697630612959194,2.126303298125373
6.588081938117283,1.396280201168534,2.082210540740854,2.079563333572969
2.415296304849696,0.8827046638649069,1.6773093897078757,2.120583696487484
3.1081907826992663,1.0234532241765075,1.776257474095832,2.1003019926615147
2.7315821474587296,0.9706765204673045,1.744462509343127,2.0962242658415433
2.5082564555745344,0.8705182624738913,1.6905709910479927,2.1401337228144865
4.166166181929011,1.1461699171570212,1.9598631321397457,2.0801156371753944
3.3877534313199695,1.0326743766568738,1.874633616195783,2.081226987475787
1.9830906195601339,0.8190630454528066,1.4530659768268492,2.1714828770770596
2.0566962732502234,0.8154093554867424,1.5548179015360413,2.146297616491658
4.677922390029091,1.2108913234481407,1.8579298393732897,2.141394615375447
1.309005953603338,0.6032040577021434,1.340001034154112,2.1785803334871052
2.870844122278874,0.9311380909288982,1.7998304465720907,2.1011220769002525
7.955091364824493,1.4185799467028766,2.400629293071147,2.016196342811847
2.3802942670849463,0.9042064638780002,1.523822462237485,2.177779911716601
1.3361571998762543,0.6180324588550518,1.353709782411542,2.1796569446831495
2.5806400092754624,0.9254797382665607,1.7288992081782617,2.098926419587484
3.8009571541701024,1.0873384111436415,1.9324617582518102,2.0878480182418593
1.914235327505879,0.794507318799241,1.465765019661609,2.1723303488779786
3.736359597625353,1.0876075147553792,1.801893333529724,2.1222926676986114
3.023426021644194,0.9989867617313138,1.7214025746797423,2.1303405333246164
2.755525392242315,0.9647767740750067,1.6791514713595586,2.131004502224875
3.9285411541323945,1.1259008950010463,1.8527073650403139,2.1070573430765593
3.4918859753401863,1.0575105955775357,1.8516424261011846,2.0895898722202606
4.313226411921283,1.203391018869589,1.8515243695389414,2.102235850514471
2.290040029372721,0.9221229510316513,1.4659374342302967,2.186700322169908
4.621615609228809,1.2131235062321881,1.96227306304838,2.0831966128995343
2.1786667794957078,0.8267860138584839,1.6327448361883157,2.121012393587596
3.8331000008561547,1.1363783923667325,1.8401055128155834,2.0976499378976743
3.7364142371613482,1.0955749774015742,1.8090641030628363,2.1328845917935255
7.2510266661918905,1.4146576226250929,2.2604462106554792,2.033132275088713
2.157002217540915,0.8448704616648551,1.603523061515952,2.1345723581535236
3.2024132049590297,1.0204250022715913,1.7897404216488761,2.1104889484723603
2.7145039205800483,0.9561158202603245,1.6228673387431085,2.155344075199841
3.9260172322139164,1.1332973465657434,1.8624321369705377,2.0946335299350824
3.0125715299426163,0.9958648303333231,1.785961744338278,2.0960473532176995
3.653187046274258,1.0803364956770865,1.838964289362675,2.114344027637104
1.8761100743282564,0.7607774642179254,1.5841162791420726,2.1143216574311174
3.4517948943039998,1.0324731563131802,1.868357230544378,2.089824676440285
1.8469653529242716,0.7335785417788477,1.5881381064381621,2.120435580875654
3.5257651848580136,1.0543166255391736,1.826438943668043,2.110958649314833
4.240273264806857,1.1297641719329776,1.966404412456006,2.0846773774402854
2.0375495297890085,0.8135134693851002,1.5869508609682128,2.1230203011191833
3.513349589619888,1.0905197067693562,1.778941424481872,2.1153891613171467
2.7884534161610275,0.9697595848077798,1.6459222385124586,2.1474017713763525
1.494911259580683,0.6457405811975435,1.4532283636927605,2.151866079621812
3.667578529935983,1.0761751034572904,1.8573172848023125,2.1031166649061026
4.308466091500467,1.1418033242483732,1.9801543735845313,2.07671043872588
1.853335683789156,0.7678418214986773,1.4700551342492887,2.168819515664998
3.8427865303517628,1.1511660396365486,1.6538911483478802,2.1866007591109597
3.054470355919897,1.0022691607032315,1.7420736661536897,2.132716822729217
3.0522614800471626,1.001698464898695,1.7871055624645118,2.1022839709277537
4.114659197817317,1.1403697245746292,1.874480686172091,2.1070578519403536
3.9893091106667886,1.1515768680228757,1.840329484459999,2.1115629729724477
2.0221125718470274,0.8130722272314503,1.5156634612474014,2.169142837200083
3.3520193763632076,1.0680413287556842,1.7609722450628058,2.1146233642694288
1.4255963541057917,0.6497744229802286,1.4277770101597902,2.142683133806485
2.8950237726121464,0.9754984399511026,1.7584967867783194,2.110902254608471
1.3394036007049959,0.602476432585281,1.317880932654088,2.2094516496588303
2.6554761419419073,0.9109243581451126,1.702386000728206,2.125753387050273
3.966507443242494,1.1194933990998435,1.8770840194051734,2.094660655020364
3.3999920109134174,1.0354591947625447,1.7923910929767408,2.1291276785031306
2.671242553028029,0.960006315899375,1.6693704156666456,2.1336208515124886
1.5547257219854704,0.6705740275808366,1.4045909282129552,2.17587801416413
1.9987167562257857,0.8056578999678166,1.5086488842495889,2.1609975270430044
2.2171777066245473,0.8693854707060569,1.599473361039066,2.1270160959731985
2.1879985457566713,0.8578995708644138,1.5432512237619653,2.151533652427549
2.561983498772482,0.9226963532853307,1.6167326198474723,2.148376306367055
3.9100560600900023,1.1300628768823413,1.8950146902885345,2.0832492812183414
6.186553806379352,1.345178883299115,2.10075573277626,2.0773291024888363
2.254840171592563,0.8526996830905115,1.561207053320627,2.1508098693350832
3.726527083901559,1.1110278427735514,1.8507295605295702,2.097075751271959
1.6350743522673683,0.6792283603075301,1.521018073465035,2.140613747882081
3.2464100594499152,1.0056114645276402,1.8277061304511812,2.0942331553466658
3.6731701908765513,1.0835471868781688,1.8830764881470525,2.0873234361236612
3.4818740976440203,1.0689851640625667,1.8431982362520016,2.097570122741017
4.126507640082855,1.1265363054933515,1.9520850681280897,2.0749835454054057
2.852962241053348,0.9583790956514315,1.7441517760768792,2.1075521109702486
1.630191164457465,0.6972070612137088,1.4805820825876141,2.1444064732878347
3.6906010743507234,1.099046359159981,1.8395403237112573,2.096133409816838
3.356901683586974,1.020382714356934,1.8638476929193288,2.0901831197488474
6.513042204567508,1.3679909410312008,2.1583970055778017,2.063111620469337
2.2694770018288266,0.8498760751373573,1.6007940375050627,2.137027950659517
3.0599830520450446,1.0037698006778768,1.7296175211991074,2.125531455880605
4.797246453945161,1.2065716236094133,2.0090794063450184,2.0762462036257596
4.749031180719232,1.1697029774915222,2.0597241702942464,2.079076349532646
2.152302733091044,0.863831499973942,1.5029097554768103,2.1627664184951505
3.081073219395364,1.0105145200537327,1.7358399104148239,2.1281964306053918
3.5870286116795884,1.0510949323760939,1.9091826978855047,2.080914585229364
4.000409110400532,1.1694209943845622,1.7803863626410683,2.1358081697154443
3.768970535182627,1.0819655930018872,1.9377833091742036,2.0867326782279974
1.9089290865615471,0.7720428472419478,1.5411121147176101,2.141049212582748
3.26602160525709,1.036358325917331,1.7699965373524547,2.1166211813469524
1.5784339162875767,0.6695828455709699,1.4544541377206797,2.1502495693203283
2.668471099147499,0.928770966171527,1.746478979547967,2.092100835050358
4.18537545102042,1.1351114203818682,1.9400769117663816,2.083675464289905
4.750576356579863,1.1489149023864424,2.0779369813422037,2.0656948475419776
2.129688097635425,0.8058438003866961,1.6571492171397084,2.112926742898422
2.8092460412383353,0.9908014680107371,1.65170290981431,2.141671402002371
2.7416620728554424,0.943942609229514,1.6966179128729215,2.1275131819504876
3.5593778484584173,1.0742790867154628,1.8524300043929687,2.0990905484704108
2.066167765434266,0.813393904169512,1.5158440705505303,2.1676488146364794
4.213173601903811,1.1797585590004618,1.88099322665718,2.0951798818615606
2.5341419576633117,0.9261340181243586,1.5985728946377908,2.168482299168746
2.124921437355117,0.8484050545867081,1.5471972443052877,2.138574364331105
3.1631516320593946,1.0055266052149476,1.7786317603743544,2.11139589055482
4.2718235149823025,1.19284799945865,1.9024361272446302,2.0870469431719716
5.875114325502615,1.2971540574666793,2.0993641458458345,2.0705919632517498
3.2825295031805233,1.03944580859646,1.767085597471024,2.1282763074539752
5.005161007601615,1.2332093715991315,2.0433067594452448,2.069783195346999
2.0492989041778844,0.8528014571023006,1.4506238256580888,2.176888085363348
3.8577153990961706,1.0884524079285804,1.89496857546928,2.08951517771927
3.5998681507813974,1.0734111516117981,1.8967711027458662,2.080667760549879
2.7864578913475024,0.9186196487225793,1.8000995815473657,2.1035258680257454
4.129921054816668,1.1286241604138545,1.9516490729431206,2.0807418343811066
2.7349851723466085,0.981549881789513,1.5820852801539003,2.155073993748076
3.5951101353167854,1.0977152583957102,1.8047514607958308,2.1109379013795375
4.8206915908721255,1.1902919856071261,2.061580465910112,2.0756638522220645
3.7942261493659886,1.082283926965988,1.9487842492351044,2.0857332904748476
2.8818142779793634,0.9871857744917542,1.6985736714900506,2.1310035551391855
2.7401230381167125,0.9563882957277665,1.6955995285282714,2.1200312038571845
3.2022658217889153,1.0023002256681974,1.863809700973556,2.084052990059125
3.05175828311621,0.9861804202918196,1.8077692616574041,2.092214678586265
2.0434490640605927,0.8554177212993723,1.4475282339463675,2.1769347626488997
4.168778966248087,1.1275945745952656,2.0296508957661894,2.053623041753583
3.0780454022040837,1.0525037164573499,1.6612217818827488,2.13900803056756
3.360449726387137,1.0267328033777865,1.8714917955847283,2.090078905629372
1.7319379853011463,0.7465865871377165,1.4390844408353483,2.172350811915433
2.6236021448080913,0.9315391892755717,1.7277266304951218,2.110020932595697
5.833579650191152,1.297857995751,2.1195511343140914,2.0657190643019314
4.15232244163636,1.151555124096399,1.9245696031189377,2.07911931412426
3.315039571614459,1.031845674398957,1.8201279529560337,2.0991345441736127
7.564903618806438,1.4368854129533555,2.228629641626515,2.054423479656154
7.334138512267576,1.4239471545567748,2.1059340405263556,2.0925371249850526
2.1227524124560895,0.8061526877141394,1.6023495596661161,2.135576534029686
3.844429780054242,1.0737988286157922,1.9810203709487604,2.070241531114627
1.538355973200685,0.6912340133473863,1.4246352567637943,2.1491554138073554
3.2691866736179325,1.0361807208840301,1.7385140782965003,2.133831900244785
1.2303220760381608,0.5672460926556223,1.326104570239306,2.1749833263544787
2.8836993700195848,0.9541865363157944,1.7770871575926086,2.1082367680102427
5.165151430118093,1.2473897259307791,1.9906367348813259,2.083638183477707
3.3679613138841544,1.0371296718969196,1.8077831429754474,2.1097801774114573
1.8668715149832198,0.8071077017598198,1.4217655987178721,2.1780340449937565
2.2114703801499793,0.8574927563219396,1.61513404474269,2.1308380142387198
2.589254090308297,0.9323056785675184,1.6056876347707647,2.1542689081604727
1.5470253315077724,0.6542484235206868,1.4558937692494238,2.1552385204626687
3.0960091100438905,1.0274914810264568,1.7060987429508332,2.131779272222698
2.686144143258745,0.9526621015938649,1.7061489888603403,2.127933001513868
2.6071800879498315,0.9393524910589476,1.7076503022499736,2.1163170763013253
2.6894704935147282,0.9183949432633386,1.7774055198350411,2.089162688167755
2.5541786113919067,0.920820545809308,1.628510962703524,2.1460520600886457
3.372857109311947,1.070903356376456,1.7928585407406223,2.1121598915528406
3.552190174069396,1.084525343811184,1.8077755304459746,2.1044002263254327
3.5067454067681973,1.077616210195917,1.8506559449000493,2.095265514836657
3.041318462041677,1.0305278976017223,1.6917354727598812,2.1364865941944036
4.100517143279077,1.1337386739937734,1.8999197805428236,2.106647731338133
1.3819899724778146,0.6307604409786753,1.3201742880872454,2.1974537409052504
4.44669565349381,1.1710429240509463,2.005173575850501,2.073301719072143
2.5254976875592874,0.8990668308764513,1.6977206294199731,2.1200783503863905
4.71727074836536,1.197337969048045,1.9896900701643336,2.08659263651731
7.248451790973026,1.3912850248460673,2.2000953071570866,2.0664818885071057
1.8030695811376125,0.7692314627650231,1.4720880819216402,2.1668178487499725
1.700671612503419,0.7369662347329803,1.5022414014306984,2.131079646907242
2.1839862185800154,0.8439653643312545,1.625114218193618,2.124153326213118
2.2065030409546478,0.8220076252336941,1.6617405672245809,2.1173193476114696
2.4360055474267,0.8915488031682155,1.6198641055245468,2.1380500894204797
3.242634872788022,1.0079584494872698,1.8295736059418084,2.0961719699624886
5.796940886372784,1.2458533714731705,2.2217845937930396,2.0434208969959498
2.491557934017318,0.9390771461356207,1.5530454660222526,2.162946106010482
6.58387578290032,1.3332440130998429,2.293268641458163,2.0307561035161648
2.5039731454347556,0.9127786308667913,1.647324929643681,2.1215302444083557
3.6522152272522552,1.0834513342394052,1.8495636853950668,2.0996367459452316
3.5263857899836486,1.0445214717448783,1.9049326286646884,2.088269774786251
1.6889956134608448,0.7691332315679419,1.3745605574983337,2.186870200566508
3.8470446784078076,1.1044565330082063,1.8777067766012687,2.0961687643966833
3.1069191220538808,1.0017819681267017,1.7439601238383677,2.1304934022152286
1.4359952981290582,0.640904674324925,1.3632469291778564,2.1809342965985388
2.486785344623041,0.8946059229434263,1.7181521762659027,2.1051888541548403
2.8740026176032645,1.0171572366532804,1.6635038255538708,2.130139968428799
3.6125198024952434,1.0854614916219996,1.8531617316424795,2.0914453989730655
2.9653004448837708,0.981009296362486,1.7387062591582776,2.120618666124717
2.8635898431132443,0.9968906657876845,1.6728110429143432,2.1421103366773226
3.3656300378906088,1.0130994097436852,1.9509603824363977,2.06532075976021
3.2914977579056974,1.0642296177400374,1.736277326385985,2.127554092356612
3.0521038172085238,1.0211062644676339,1.7176317874623832,2.140368539518042
4.1614303601079285,1.1150022740953869,2.006423258283555,2.064875799625439
2.257933549272389,0.8941526315905138,1.5596495303149096,2.1423369979663507
2.6999729250963305,0.9598909133277361,1.636287293760774,2.146723221637473
3.2089564672782487,1.0437841014205524,1.7305427525569825,2.124859747094985
2.562972311647213,0.9150866070283373,1.6271014665014873,2.158826122131917
2.0826829294194953,0.8397951423800009,1.5562075320849593,2.150279839585443
3.968620793834563,1.1596768672325586,1.880087859806865,2.090896237479845
2.296886652254279,0.8882291498862679,1.5691552297892088,2.154946014152901
2.091258489265624,0.8213654607725067,1.5702083831978515,2.1440870323101384
3.4179139536561327,1.0334082321452502,1.8319176334440797,2.1106066883470955
3.550987170574682,1.076979970154091,1.8902575005095934,2.0824493771929053
1.5842439583423418,0.6906513291764191,1.442247317685987,2.1621038245117945
3.149866754630303,0.9995808581400484,1.8311405122813846,2.098301933716988
4.759694597105512,1.1931393489394049,1.9974776797274745,2.077973465557068
3.4142611071547027,1.0473333252464623,1.8287886052182656,2.104375297859256
1.7568951644962891,0.7557129883229625,1.4473761020742537,2.1697615539760107
2.4549352730473264,0.9395199678289676,1.5092283377122904,2.179237120733272
3.7391236308283755,1.1055531201455486,1.8054185852944802,2.118837559201521
1.645589878940172,0.7087168317371798,1.4922508335333624,2.139940632263669
2.834071453217131,0.9411596121709939,1.7881447084068023,2.0964030321098495
1.5506151136457333,0.6711533195052555,1.4226901780055592,2.173042935031652
2.413603719706293,0.8972865857354856,1.6238585714176914,2.1313752761443183
1.7772312316178458,0.7258474258635991,1.5168273737629736,2.153354213991674
2.7041218324111007,0.9772752465915079,1.5908994598967408,2.163526676324859
5.351896837898128,1.269226569250984,2.0659789251597,2.068140222515426
2.8662408592114015,0.9893919551696372,1.680243189847776,2.1350670220207464
3.2401933848867768,1.0241655029078665,1.7647033369261178,2.1286037782480234
1.3224589106144644,0.5838040400779609,1.3757200976586104,2.183715299666784
1.2083779887958794,0.5867415164072306,1.2534169441546008,2.197453738396646
2.1743126301699336,0.856578172346539,1.5849220532156838,2.139788966896191
2.473713343406481,0.8636579180856694,1.757351248266116,2.104794765316152
3.4687974596743207,1.051766548659956,1.885350833759239,2.0774109160159524
2.466913385438465,0.895985249024533,1.6361089729875982,2.139899329652076
2.074027314267006,0.8591573770892635,1.46903587793657,2.1785551969070296
2.0373319764758357,0.7709904046275854,1.6061429851268458,2.1270261066643497
2.659139632364569,0.92793087336988,1.7147991136875307,2.1033897777862305
6.45042303785315,1.3437119719894706,2.1714612242151374,2.058219373841217
3.5642552324878785,1.0612219713545963,1.831168370186776,2.1129012028919325
3.199020772561824,1.0162328783149355,1.799631649698858,2.1021430843524076
2.75408640065148,0.9828276218448169,1.6294488831214615,2.1465175157165497
5.272639808155635,1.2544716820070316,2.056615136219833,2.079509097856981
3.754227620434392,1.0835959870754452,1.8832542707878168,2.100226749513215
3.12592299889287,1.0186567867293943,1.7389860180039367,2.1306890908911407
2.57809147524201,0.9205722120018491,1.6705040939550122,2.1356827597993355
2.040815544296588,0.81971146762274,1.528829953399978,2.1462390881389424
1.8647543733531677,0.7869554072125842,1.4767069960569281,2.1643141600505573
4.485767174219162,1.2251952557947539,1.8461792777516632,2.118446431453813
2.6553204768978396,0.9473344616272964,1.660419898845222,2.1455736635710023
1.6221566398706542,0.7348537236676388,1.3482276883263735,2.1918734122267574
4.621717674402474,1.1914577597100402,1.9702266444048946,2.0883817694161246
3.377874690613453,1.0374303259795967,1.857248757396659,2.0945212951534735
2.37752159995313,0.8700011992183745,1.6460199373387288,2.125278301839979
4.023336877836077,1.1299640267840494,1.9060846779087655,2.0896440132979137
5.652829443001911,1.2747535666280156,2.1204612748756833,2.0619099291332654
4.436235282379129,1.1970947037026787,1.8898089279558026,2.1013619614810786
2.3371661577243277,0.8633331534886741,1.6841277850083645,2.11581535634095
3.169816259852383,1.014701916738748,1.7798917118707547,2.1133920549309533
4.529887424450894,1.2065016219049245,1.9304603923906456,2.09921989540396
4.337939276774337,1.1731087627779726,1.8575205689055019,2.11864280779125
2.500277419453002,0.9068041046412496,1.6111750101443956,2.1584808049940682
2.177709514912786,0.860450930697452,1.534617211734355,2.156914523879215
3.637586141973914,1.092209812307901,1.8256970077886558,2.1196739278492664
3.192669762828334,1.0200619094812555,1.7965857483373249,2.112310163195135
1.5976833567639181,0.7176468761725182,1.4207015559244365,2.155156710898602
2.274964155577742,0.868226072217151,1.610134011055991,2.1338220899127287
3.416310777113997,1.0459331109937589,1.8252126558716468,2.100322347967788
3.1764890543437634,1.0181340723887202,1.7597969471619248,2.1081069007709785
2.808293338273912,0.9596257456216133,1.7002886207941879,2.1318021624977814
1.9794003374476279,0.8003939548873391,1.5521347171332298,2.124732924747499
5.386029666542877,1.2307032557454642,2.174494450132887,2.04268171842143
3.8230451114686645,1.0955733662230283,1.8829079599268344,2.1013231982454927
2.874363905578157,0.9818936907022869,1.7000524867871578,2.1296145192793334
3.1798300498778747,1.0295609826805012,1.8072441262768082,2.0988516505645554
2.139712375868026,0.8568171247250294,1.5122679523081084,2.157921043762074
3.0891842388274693,1.0237929471913545,1.7373392713736393,2.1243298565176225
1.5690761542232083,0.6919605614709606,1.4140665725683996,2.1651688763873156
1.8870069197453758,0.784606154589975,1.4844743084759082,2.167108339322001
2.4318603140630586,0.8999566910955217,1.6645934824405952,2.1166717025143473
5.603496831121839,1.2795917711303082,2.080692371431615,2.0785240830605263
3.437708058913468,1.057619441761686,1.828940744562429,2.098860088985872
4.468657672454962,1.1578019187866415,2.072297513300458,2.0532014867149337
3.0232306499544643,1.000727793708129,1.7265702854748572,2.1312458520149145
2.944877684971487,0.9877670247993545,1.7538451620327706,2.113942930297631
3.4317279408831625,1.0381171275131391,1.927959221948149,2.069461681410393
5.037344870229025,1.2530972215153033,1.9678751857015413,2.096786478737141
1.798275309641714,0.7750452012480467,1.4241811603258467,2.180776968950364
3.9347100600328493,1.1378639055924362,1.8935737126017667,2.0943575660608955
3.8997351603167396,1.119525994438908,1.8651950477731105,2.101960743720237
3.30211573350936,1.029549454183697,1.8037947545341042,2.10187143584622
1.7665478466390307,0.7661177472501727,1.4307313738832057,2.180397981837688
3.6453754672556755,1.119440378435014,1.735934366116649,2.1358078181831286
2.4240490606722527,0.9084020847352743,1.5969140121363665,2.1413486358054548
2.385364506172218,0.869213987467861,1.6717568685125732,2.122355752796144
1.8912420024705396,0.7461230240162295,1.589548441914596,2.138461341016474
2.9143921785495546,0.986919813379199,1.7144842787544254,2.1133596749166657
3.3613970645027025,1.060893874431821,1.7660831033844002,2.1232364533075216
1.652389055229097,0.7113897802020241,1.515970949247534,2.132198224024839
2.975055568447005,0.9592499348351502,1.8122125912492526,2.0986919108896895
6.5778193817056465,31.036003403537574,1.0530504508258316,3.5646647895756183
2.5498712933535854,0.9131953144823278,1.6810350044226041,2.1151806476283204
2.1641526078122304,0.8392075047213617,1.5869463791561558,2.1340709476225874
2.9856445258727393,0.9980677992555496,1.7638968699320305,2.1127762242732833
3.1737535228309506,1.0216051735803058,1.725541661165556,2.1370621530495835
3.8966786368330095,1.1197897702927881,1.8561063811868972,2.106642184318366
4.245258714926465,1.150914543866429,1.9201136196475983,2.1056300829392702
2.888891512066127,0.9718111555052307,1.7210562340795665,2.121723145323507
1.798636568049217,0.7341327508237042,1.540057811334711,2.1450816571431326
2.3860598818464607,0.8610539103766031,1.7226929090655057,2.1035049469586893
5.036157809822859,1.2215836310179482,2.0904849435255946,2.055167563704378
2.454630032307666,0.910392977845013,1.5845658136838947,2.1549674248338095
2.842484794293262,0.9583337635108106,1.7352660791494614,2.115696193452677
2.465200383508249,0.9022924151869326,1.678004597943821,2.1182119294356054
3.237186045362307,1.0654653600213,1.666302055507318,2.1606932467983135
2.524390200641806,0.889773209281836,1.674918406851818,2.13733712794358
1.6206556087123738,0.6931795153375881,1.514504260144157,2.1288497422858574
1.9100334926154168,0.7925933312851827,1.4879585180000412,2.1700760266420303
3.000101589922306,1.0365210330167445,1.6242012791581466,2.160885345252144
3.1010885646218083,1.001575303638253,1.7378190174585346,2.127624326430793
3.0670688342451453,0.9913262734375249,1.756718648911761,2.1182067652023404
2.629633799615703,0.9485736621733166,1.6002793994222069,2.1505595475525046
2.3190696867072127,0.8976523555665481,1.5041892843537505,2.171334467968125
1.8211482801343224,0.8007275588988634,1.3990786556201777,2.1861259438897
2.3149590764698593,0.8572207392460907,1.6698764062156313,2.107228600598348
1.9720612650053522,0.8032362393274978,1.5331445212022161,2.1509917276048043
2.236865768936931,0.8761588735111716,1.574074075596249,2.1401721723981244
4.590855866688706,1.20135955896544,1.9340785962088167,2.0888409902652723
0.649810363870227,0.3198635528723013,0.9242169437544746,2.2791689267715216
3.4283080266452286,1.0676855584014504,1.8171445903759547,2.110206460706605
1.1295869392802478,0.5552637263431129,1.2402353086026632,2.1931612823536457
8.391776563388877,1.462090108295519,2.3252799412676,2.035370915190486
2.01044862988949,0.8364470530680169,1.4758595974482156,2.1599295143754214
2.234391761921409,0.8675691170009656,1.6133658543939147,2.1298024289977806
1.367682148427316,0.6397131930587879,1.2681630920317413,2.211022794790779
3.3902783304783584,1.0222284109714925,1.8937993903581567,2.078274336472322
2.0141376847390293,0.803696378508381,1.486187770670481,2.178406945358122
3.232046514902119,1.052636781180028,1.7278540078108255,2.1284235949861823
3.345338525399754,1.0336756439595272,1.8595497019648828,2.092959519940891
2.3456260075391557,0.8842428616380926,1.6018406028095107,2.13800882308011
2.815196674561403,0.9347735962853795,1.8250902325675824,2.092787690590369
3.3638517043681118,1.0585765629913968,1.7799188199173832,2.106884240616345
2.12197681161694,0.8407081776305135,1.5993427761424899,2.120097703471857
4.071359155386608,1.1231260671920198,1.9055012442536559,2.103119385243521
1.3156815491822758,0.6240485724224796,1.3051208384241944,2.1942335857207924
0.9547634961580382,0.5037903552326103,1.0725934366277698,2.2507239606467144
1.306376999049381,0.6048303730883101,1.3161978286415792,2.197453740905252
4.221019046953642,1.1535052346867498,1.9543894900526773,2.0873453128093953
3.1356957374750327,1.0149027423172976,1.7403811030931218,2.115980791901379
2.2591913045420418,0.8637824147999336,1.654175038283996,2.10355372899631
3.201138457588343,1.0580938770436967,1.6948335362826836,2.134162598013083
3.428702523268881,1.0607915536502959,1.7796401847135026,2.1341254744217153
5.270289187026168,1.2118838674278027,2.1725323117038053,2.043320198092473
7.0353052723362035,1.3655516255841378,2.268055962410541,2.0436155773253852
1.5705402305748688,0.6883371398354442,1.409275026986197,2.170927355972998
2.6540896246457777,0.9318732203743401,1.6660181492751576,2.1333713110835073
4.031134501902745,1.1259682101462996,1.9686343424361354,2.0782935963960436
2.068430303748502,0.8246529040199498,1.565656678241699,2.135621553477797
3.4057317634576445,1.038662945165236,1.8589945421248308,2.107701956440194
2.110625294469599,0.8230181886143322,1.5988832630925234,2.1318483130451855
2.45478553935439,0.9101351121650945,1.6523616916073505,2.121939259382315
2.1803792747523523,0.8778998476474157,1.5519920271392862,2.14970626568107
1.6555572244684977,0.7366782590195685,1.403547143851648,2.1789155357136476
1.4868146053826758,0.6897946494805224,1.329599044084599,2.197453740905251
2.5926268965344987,0.9041575860517644,1.7022830767138226,2.1224510058870902
1.1511717829633072,0.5489121384449888,1.2727440067692146,2.181028314983652
4.370009120655675,1.193594152466983,1.928845518986414,2.0835883050159656
2.8674435759658703,0.9596264943066264,1.755738356732415,2.1108198327904475
2.8867506928930355,0.9473246897626384,1.827702192855626,2.0833991961297573
5.02832201659567,1.2640870462592155,1.9455035676435648,2.105004766415779
2.855002568108019,0.9978381259020901,1.6396618779383842,2.1399754649139964
2.7174630338423333,0.9675869512715156,1.6856863815531589,2.124965986259616
3.3403605048702154,1.05532542921745,1.7983093862469077,2.0964655606260365
3.7041020814984793,1.07986705160838,1.8832423234937237,2.096875918890063
2.76003404318091,0.9347850525870723,1.7785208742792002,2.1112549302954133
3.0472319133137167,0.9717133935372199,1.8261121378364593,2.0969305063220123
3.299537407414672,1.0431210760965526,1.8320566526603466,2.087394867409142
1.739584278222952,0.7040168250987268,1.5429819418082944,2.1359166842372552
4.259770958275967,1.1957791963412836,1.8909289876329805,2.0982803135624466
2.237339973382939,0.8784618676257056,1.5501496885705914,2.1499882434380444
1.4210970016065605,0.6388625961211805,1.3966194435108046,2.1682168597144877
0.9747408216400445,0.46603981135971817,1.230400112395895,2.195798460267845
3.521957951388105,1.1092097784578199,1.7498689469541109,2.1183789336684806
2.8473282460294924,0.9772197699604414,1.695159478375237,2.121920748833983
3.357259535420091,1.011101429932647,1.8864925004298798,2.0916948895381418
3.0353428169258208,1.0290684177682428,1.647390308568052,2.1551429157019415
2.2681463910129365,0.8764002940207708,1.592548354812609,2.1342031300378057
2.745697751309925,0.9588904358616451,1.6817116573671698,2.1288194622478205
6.9750189656024615,1.3563472570618496,2.245066282913501,2.054925904407085
2.131787812134089,0.8525709593175806,1.5848849976554804,2.1347651311876845
4.7756703747054905,1.2471732545297014,1.9238858103836707,2.101138925477678
8.420054717961577,1.4766046319075656,2.3677991313976596,2.024496948767129
1.3303965177390666,0.6225061116093007,1.3184119897159818,2.1779357494544143
3.0289209557389105,0.9776364151665733,1.7977144612652207,2.107428961219072
1.556060906645961,0.6635240048546097,1.4582641532646843,2.1540465373567286
2.6570525771285376,0.9041663182660782,1.7232011234626472,2.122473411627168
5.307744881989577,1.264692283114276,2.0190426507542223,2.0888015970481266
5.354594904329593,1.2740205349426839,2.0530152003384643,2.0815377425861143
2.1679702311648668,0.8101816184681916,1.6840163427509636,2.1101799813300595
3.2402118305776826,0.995608741335755,1.8533499940290006,2.1011191571810945
1.871892281388574,0.80199207200564,1.4591803769021134,2.17672946255602
3.083753703129592,1.0011447789526708,1.7713838778420776,2.115397189781266
3.2318356494503533,1.0175275890987117,1.8118825848103115,2.103151323185897
2.6551908195053824,0.90906810467042,1.7843952171109816,2.0991359261366322
4.8521293005107795,1.1761045484683326,2.086376030399036,2.0653464611200594
3.50923986155634,1.0539198111002672,1.870749635143588,2.085782735248252
1.4951693101801,0.6852472275751939,1.3234146456638767,2.191279400826329
2.8654124671718573,0.9705409513141585,1.6958369658157062,2.135364936528832
4.008235544845339,1.1348869559765533,1.870882587482159,2.1044121119589807
1.4645514027308768,0.6351559176195022,1.441254214613548,2.1599293451455552
4.7618444486807325,1.2586996559304178,1.8644218500792156,2.124127782454241
4.472214576467451,1.1692050474181106,1.9795151833534597,2.0745921765718163
3.116322042625995,1.0134285937562881,1.7557524189308795,2.1187692823945055
2.1645625650403866,0.8494601435129566,1.5186033624188986,2.1683547453786196
1.4133213867875984,0.6678324752688568,1.3204169969696795,2.191713810239621
2.43611147117451,0.9362072325252428,1.5809451199297697,2.1352307500725574
9.585653150734638,1.5510491404579394,2.3312764827858814,2.0443911748857837
3.4885975289627,1.07054268022996,1.8394402548168745,2.105737330086319
1.8375448279125415,0.7777798787148746,1.4806585873678906,2.157604760145971
1.9507327213742998,0.7851819116954353,1.5608264458438141,2.134413766521403
1.223324249705139,0.5773300096836259,1.2923905139006728,2.1931158206515398
2.0143849698858642,0.8024539269037095,1.5411602387319612,2.1497723364274486
2.3284477668633827,0.9111523640563524,1.566870065141534,2.145749679068448
5.507027940851394,1.2577565824155426,2.097203045260702,2.075131154530658
2.455443967194604,0.8891641495543074,1.6817307055765711,2.1147239496542416
2.825753340449171,0.9734158298906701,1.6581259550487453,2.1324702099125665
2.9140065576826713,0.9897836754877878,1.7079103413101349,2.1266074490646756
5.995098478487364,1.3359171055616865,2.0733806999917648,2.078556973439017
2.4897804430331427,0.9014922322743621,1.707383444239541,2.1117320288600796
2.9193290990465894,1.0062249568487598,1.6917507849137332,2.1362093599871295
5.807271944024683,1.2868230906379905,2.102359316715097,2.0707374046122005
2.6653491525766,0.92926786912414,1.7265275407282197,2.118635126104522
3.194391316181586,1.0392222147276773,1.7556762139200477,2.1142686393608767
10.582597266594812,1.5743079085853489,2.4482256729538814,2.041161618002451
2.9851799366136578,0.9757351520035945,1.800208834945556,2.0966864732816015
0.9045269048406952,0.4604614938049791,1.077193326504415,2.2541517327421614
5.354983578966022,1.254775697980931,2.141579971996533,2.0405677265149027
5.246704636946627,1.245158667956772,2.0587698401449157,2.07518582902597
2.153559353434749,0.8174795385654494,1.6436907046783271,2.1232876728523293
2.6092203361653175,0.914917538490786,1.7488077039705237,2.113573476878215
4.011763642416935,1.1300258273270964,1.8995649805526953,2.088892782664729
2.689610814791587,0.9256647476063785,1.7127706305733177,2.1195113778540526
4.310265189955105,1.2064342103582897,1.8279071512828515,2.121542408362007
2.5616569217688614,0.9158640161695241,1.6890929696621884,2.112812221228559
2.533834736438428,0.9096495591078281,1.6668530367044914,2.12727496392818
2.0150049547255433,0.8005087194441187,1.5095668313551642,2.170530728456055
3.7951499709205456,1.1173357429416038,1.8261968242750068,2.1187118802661806
5.626920433019347,1.3101259403650014,2.0485036333806286,2.0842633478871826
2.06416615919365,0.8321140959209704,1.4993651458085147,2.1751786120977914
1.5850444977690157,0.7192747144451055,1.3612417161012003,2.197453740905251
3.644504987787861,1.0874974803348834,1.8723136893073948,2.0923380577782615
3.8051605605949614,1.0925659365341214,1.9337124893075641,2.091573809911563
4.286650736729818,1.166560232261417,1.9320057555480046,2.0915231705585775
5.336323560199926,1.233752757143411,2.1679745679367897,2.0478099808492196
2.184998775912228,0.8613205512169719,1.5638476445195524,2.1451206402872
3.6518420289907256,1.115812987087148,1.7487536913374153,2.129926427217245
2.2558025100058927,0.85738869895645,1.635087719131196,2.131606833883846
2.9897824940339843,0.9796091674296782,1.843087733887192,2.086289613197424
2.700030643459049,0.9622862631399032,1.6702581872898559,2.133616701891716
4.558961372814307,1.1745792876687107,1.9189163329321606,2.1162324802770027
4.871664397967056,1.2222522186357727,1.9897436990018875,2.0831517076651376
2.0477297764090316,0.8238857318984832,1.568440866464894,2.1290540078926776
3.3670870838779408,1.063492552982815,1.7420820831599277,2.124646953140474
2.500289964501534,0.9285428055990639,1.5670804158735925,2.163532925907953
2.5229402454553513,0.9072889115601772,1.6590659009659177,2.1296438188868145
2.1498610187111655,0.8645126358963404,1.5082439976261826,2.1678148757737197
4.770623988510604,1.1588529862528751,2.1228903687911234,2.048291063519575
5.759406396473315,1.314602774924022,2.0610974309933625,2.0840001272856683
4.977245725578217,1.2426308935815198,1.9764433419079692,2.08834074696943
4.971655252357075,1.2152607488085867,2.0384051333511155,2.0763868043591223
4.517583093954905,1.1366515136351996,2.041339702455827,2.0708657413602314
1.5910302911324088,0.7217447491829102,1.3240863089693704,2.2112956320747967
4.121254584316139,1.1351825503062236,1.8786466290693546,2.1146996795678255
4.394086231505703,1.176205069890951,1.9206532445214144,2.105904902946064
2.190946384110702,0.8595822687344223,1.5447618667217788,2.1489387651188796
3.5089538148503125,1.0331174417546498,1.973305993191419,2.0699989002571093
2.3151672943651778,0.8568753201121819,1.6843676718866538,2.106855142099911
3.327199319323213,1.0376067426201037,1.7630250113643693,2.1202321834890427
3.1726868119574227,1.0039769248129522,1.8408527029232917,2.088086253517921
1.179492120070257,0.5507590750657549,1.280591263484933,2.191631390238212
1.0600847304023397,0.4682180102797022,1.2710465890702358,2.1920668974180604
3.665672011759275,1.0781156549221296,1.8253030309360665,2.115080180546212
3.4447879138590873,1.0413153428204125,1.8808106546988248,2.083556412936604
1.5474502523249742,0.69414971333356,1.342869437394237,2.1991749467577266
4.203023897269278,1.1234345899144391,2.0244045877584074,2.0608641924435402
3.9933053440284265,1.1195581812993063,1.9671203307005474,2.0708291591386643
1.7386974099451205,0.775380928489966,1.389078972547595,2.174879655995371
3.4047720684188874,1.039264484339298,1.8132698898780568,2.1081702883380933
4.971781703051332,1.24186223009526,2.0233219532680096,2.077410224791932
2.698504862298257,0.9752963298711399,1.6137219538307306,2.149125158883943
1.8025196018739136,0.7583230607587897,1.449889674724001,2.173769495420888
4.536158580171761,1.1777470870534537,1.9869161526289416,2.088225774459712
2.2183186125771948,0.8573216322931825,1.5782873365638586,2.138365979956877
4.496864008404625,1.149805544330002,2.064919599136117,2.0563465412908144
2.366181510825323,0.9052403544915503,1.5497257663047397,2.1643502346839725
1.9238513716296795,0.7702937388065241,1.5693526557429904,2.1412541998067036
6.358156462337519,1.3137914844527607,2.236997009451016,2.047170811386627
1.3118865800454123,0.6127403928997562,1.3262935258522335,2.1843253925371604
1.91461698772445,0.7837766425833886,1.5754797865188201,2.123020856411486
1.4728447397143045,0.6659074252742854,1.3668675759890936,2.184907262936036
4.128867987083866,1.1433527453939232,1.9039596373437913,2.0872749646151925
5.811666037458224,1.2961261816104674,2.0759567908639798,2.080781780335224
1.3489958826890793,0.5998664828316806,1.3780320937309756,2.1748295657862036
4.744481672298935,1.182678453733754,2.0016236538854786,2.0800556845547047
2.573952316742711,0.9276019732459122,1.654958354797321,2.1307258915805916
2.230535822840912,0.8547640421709004,1.6085795098679798,2.1384337026533387
4.392596463566781,1.1710284117961143,1.9859631388354593,2.0736876397580035
5.508932705150189,1.2608625920152126,2.074158427689077,2.0809060222401223
1.7632131942612015,0.7360791962117122,1.534586516856045,2.1227638657962618
2.260350084353905,0.8820142904489631,1.548370966897826,2.1566157796351666
2.6618464818921495,0.9476766922887515,1.6492602139145311,2.134974625924093
5.484140779942067,1.2987241504575662,2.0167937050804325,2.0868391544038984
1.4541086838509694,0.6698654291088143,1.3813792509923422,2.1632415724842358
2.810861949860092,0.9535855468544535,1.7765857809118732,2.0963503294528536
1.9447266722050753,0.7856563474082943,1.558503816679814,2.141337881522167
2.4326559496576814,0.8917527797513438,1.7128931452746003,2.1032777675932506
2.440555747561827,0.8889300510659959,1.6592306961081253,2.1225871873388096
3.6199374844648426,1.071580057509703,1.8683486466302954,2.095895319222337
2.7199642939904902,0.9497657334428862,1.666024343773715,2.1353173991214174
3.327691055657982,1.0642281567585168,1.7742954673486835,2.107462748381779
3.458136429640166,1.086362617141379,1.7691709424144968,2.113692067674869
4.987734290264162,1.2464029674944432,2.010720819905047,2.0724597201433506
1.871815654482482,0.7787363695854129,1.4950902434642899,2.160576142515844
7.04070832888376,1.4140414378266057,2.153219546232379,2.076919278106441
7.204942893709599,1.371654239414755,2.3232355435348575,2.035367351810201
6.277824914368803,1.296792079815682,2.2110064418755258,2.0523474134435267
2.6364341362953376,0.9352067363156427,1.6294465227607637,2.150865871483832
4.657736907920086,1.2154831908151487,1.9951376813765156,2.0729268185983574
5.50946373743679,1.2898174615846918,1.9911480104629338,2.111825842385867
2.432145669661187,0.8833219817444636,1.7009796674905053,2.1097967176980945
2.2006503861047135,0.8550035749670917,1.5657824338167323,2.1439673939035186
7.571202652264575,1.3931451673083166,2.3424567548884974,2.026257918355438
2.7953309462079083,0.9679374915312601,1.7083888629821156,2.111768601626525
3.299033889651862,1.0018057759750216,1.9050521345241016,2.0797572002624003
3.225933925412705,1.0326153599940209,1.8072918973481182,2.10999793741084
3.0050084179758443,1.0280012440124862,1.6897487801598814,2.1298101580696818
2.0737610654304834,0.8543518208424206,1.5057807896042243,2.162949141190053
2.899902527337586,0.9624518641062693,1.7890110845364406,2.088962471551491
4.858029327464945,1.1630341231146868,2.0753603526226194,2.0750573440668805
3.9014821200828567,1.0994897197382838,1.9630112178330712,2.0700037104900897
2.821347673070346,0.9479167912456214,1.7636530960849812,2.109103231461994
4.1853523074697945,1.105032364462887,2.009016702900556,2.0780179053329637
3.166947204833289,1.0347230264537541,1.72944419378753,2.1314263411554744
3.6175504287176596,1.0814645688283,1.857080519505684,2.1031155383053806
4.055026290287177,1.11345153008436,1.9370965569626533,2.0819475603379693
4.085988883442831,1.1716675879556715,1.8061093664788739,2.1243159260027964
1.2314846130359964,0.5894488917142261,1.3089173553657685,2.1848660999260674
1.9128287163405198,0.7822405257948625,1.4902899934015386,2.1680397307030166
2.9416017650152972,0.9829699403470759,1.7372490513105494,2.1158763030868437
3.5395897109211596,1.0795892342423117,1.8499886961039167,2.088845222492552
1.7172232286703089,0.7636913075460793,1.3741251839911564,2.189705864364042
3.3029397768285484,1.0444960050353729,1.7700369334482884,2.1183482538162473
1.7849715615115775,0.7518954847601955,1.4577929445179023,2.1750522723223997
4.848420653863283,1.2269745907564846,2.0131085348246174,2.0717221676296247
2.558363380733233,0.9144040338456149,1.612319427819902,2.1671713079485064
3.1971231725468234,1.0206446561741427,1.7928676682279436,2.104205415251772
2.2506532128309398,0.8378018249503126,1.6382977571081403,2.129268616820538
1.1979307951915026,0.6147285600162999,1.2177855903062946,2.197453740905251
1.5535782758857382,0.6876165281198724,1.470795729321191,2.132435037152263
1.65433778528305,0.7316718838823654,1.4364327826161671,2.161620866250264
2.3295386840473205,0.8731144700716743,1.573711081436576,2.1494390399477363
2.5530746053758144,0.9260766247639236,1.629209175048718,2.142363487754727
3.965112575321851,1.0973815400650968,1.9838006655500018,2.0768182304477407
2.261828627805624,0.8730613006345318,1.612402585615492,2.1313567804185385
1.8786286954587232,0.7662194307914677,1.4866054079617468,2.17296873693419
2.5401635727748575,0.9333443004306564,1.6176367428312302,2.1433044782324195
1.647000533047688,0.7277085838995826,1.4179928296756825,2.167931850597225
3.969433409592318,1.1728147954216697,1.7827096598441938,2.1292558241930943
4.113165136481681,1.1417461479870925,1.8949805416084264,2.113873228963512
3.969421222373229,1.1216170280239954,1.8892453843883839,2.0866385588979197
2.309406112535191,0.8575095938816076,1.6213405854718452,2.1371462307938214
4.437492122825235,1.1757792479090903,1.9747552744657664,2.0783914346098946
2.930681275442737,1.0144390591369907,1.6347534083833515,2.150882689131942
3.366583208141553,1.055729762232967,1.7741560197837987,2.1182471284520177
1.0827662750287037,0.5582071735212769,1.1455918283850082,2.2368250167569665
3.480512963636212,1.073786325593756,1.7545385299901335,2.127395459117022
2.5986462852361463,0.9020806904504814,1.7128794191273677,2.1229822112101036
2.9061921218358546,1.0148170252228965,1.6850371437610454,2.127949203113147
1.9084283713884829,0.7865943291090816,1.4971106419796552,2.15821213546331
1.460660370085097,0.6611973334798965,1.3790220635172157,2.186258234063683
1.661259424300262,0.7373417475628741,1.4643313943205705,2.1521272802991613
1.5861875204334386,0.6949060236429597,1.4492367922937128,2.1578403480659705
3.57834387444555,1.062514711857571,1.8360025627042296,2.0994818019690906
2.024635377491947,0.8201553098515503,1.493324267736728,2.175927969968608
3.550786740245069,1.0692459676274269,1.823876860025041,2.108692143260033
3.729575125661725,1.0882525519282882,1.861786513987471,2.099453142239385
2.8137166458647105,0.9869387573387773,1.7097473164409223,2.1119307759103894
2.679944526335945,0.9585084627950415,1.6070735433765337,2.1550903744513357
1.7974530426514153,0.7933724055027976,1.4091763131100177,2.182221219376577
2.444938371080542,0.8604410945592339,1.7025861060606158,2.1159225028670385
4.000564866803557,1.1405654731827175,1.8610061270520242,2.1039244178923147
3.7712064422297664,1.082751453018436,1.8976899813923147,2.0931137095489007
3.096322508032988,1.034438852082533,1.716274304098601,2.1229313311359697
1.9765671962012856,0.7921795206066742,1.6108709894253876,2.1201689642075165
2.935617250401257,0.9863792949700084,1.7044581596233885,2.12908709084643
3.3892992915491837,1.077540450433962,1.7432211292022486,2.126345414009192
3.705450828574205,1.1027510914760785,1.8397687361731774,2.110490914018945
4.338702013951037,1.1325779412024473,2.0158007986029833,2.070885357729965
1.9924864847744062,0.7747666147976362,1.5962740001134996,2.1243556137998043
4.167004978077309,1.1826267962617205,1.876592259410794,2.097945310653576
2.57890570644692,0.9123610850472327,1.7029553816806084,2.111712656879103
2.1798973460542026,0.835210222025741,1.6333918740745108,2.1189675167650783
3.1880485254249873,1.0274175389929643,1.7593464366930187,2.1231423769789157
2.6176656121355313,0.9559831480076103,1.5895266592381423,2.1534337926003473
4.119768853590077,1.1422611149690185,1.9397626392951328,2.0894780678737694
3.6603692398598238,1.087100714247386,1.8384179773255225,2.107102709340193
4.4750550367853865,1.1646539785237164,1.978890380910484,2.090040285049323
2.237906856179685,0.8895429481454462,1.516908242095729,2.1586156732742467
2.617962533596084,0.930491540505448,1.7052371679796252,2.1188780520044803
1.7743591447584677,0.7595469954094279,1.4256589734226122,2.169497199180277
2.853081867212129,0.9982700657298764,1.6656637125684672,2.12682432739611
1.5655508332615697,0.7201055085129883,1.382510495151292,2.166405802975485
6.115981491424393,1.3092270910213664,2.1460540304970372,2.0606260966830443
2.432442451297886,0.9047301307311062,1.6306411816178592,2.136088969101494
1.5888562597854226,0.7320060573256173,1.3410521016926213,2.1962332805637237
2.4703048250087174,0.9260413790933144,1.5922828383054948,2.159703680629066
1.9721010945527844,0.8327822448221444,1.4079096971812748,2.1952778720890413
2.5209120700123675,0.9235712642674593,1.5961642219362442,2.162640868329933
3.949697096447698,1.0941857269263888,1.9384982277293912,2.0820748980965647
3.4901207879971943,1.0569734415766525,1.8255825677049025,2.1082218592573763
2.7463810625563214,0.9451788546505379,1.6976277190426037,2.1212889881335277
3.4660158862365846,1.0548343524011148,1.8650131702783825,2.0936994514929745
3.0565621811784265,0.9575281312105458,1.8713602923563946,2.0888021010431257
3.1626317422105816,1.0480382368557006,1.6361841623980788,2.181542449972129
0.829771509638122,0.4394073169828346,0.9852209197254224,2.279699507391686
2.6840100359943757,0.9584687091016435,1.6820946301410884,2.1186705883380657
2.0925812285235095,0.8089123235219858,1.609398857890762,2.1331974659453388
6.234580915531372,1.3483715842198494,2.125313367323306,2.0661292224231795
2.719025755613165,0.9471925699684653,1.7076682629518594,2.113390787040944
2.656226467212258,0.9583625438510501,1.6070088901239192,2.1508414353993492
3.657033706767968,1.128713877958437,1.710768841196254,2.150970370551117
4.881135458120231,1.219902097096394,2.034201989668675,2.0726961305731924
1.489878583168389,0.6831507811860835,1.3989412597153175,2.159421363616698
4.682146707322159,1.2143980823814893,1.9071533057370396,2.1156135837531393
4.382525239599943,1.1716968472903773,1.9537311636662074,2.080948962799894
3.6607596852435558,1.1224663871327505,1.7604446418603557,2.12616868260685
5.546919910684032,1.2415430906623772,2.1330432298042825,2.0559901048952605
1.7245300853555297,0.7469415205181368,1.4208183238061127,2.178024631779385
1.5204821036984335,0.6937272643309961,1.33883429649124,2.1870275365224843
4.924630082999169,1.2217967352335868,1.9908470059843728,2.0887032187605317
2.764974877216044,0.9539189586883461,1.7394021335006353,2.1021613440450864
2.2619839449677657,0.8632960764070562,1.6231063447179064,2.1297861024697946
2.984467325806093,0.9843100279766352,1.7784094236881935,2.1028047845034976
4.505075410794141,1.1932790536620355,1.902985342469612,2.1042683999901826
0.6171590080090821,0.2928251509805809,0.9078489975470191,2.282529263028002
2.6487886743988405,0.9317929808306495,1.6757625514313825,2.132057013515305
6.162122366771221,1.3411205157580326,2.0842644323333013,2.0839195801809187
3.458802754638026,1.0311078725060436,1.8657182262493244,2.0903425125633333
1.3268266713140582,0.6446335318992893,1.2682451738154643,2.1936057023195974
3.5982224103348517,1.062143235489114,1.8347118628115877,2.1107815035346564
4.709420519460428,1.2003482007995943,2.0180145889688803,2.071393171946174
2.887158080965009,0.9838266782620173,1.7167579362665797,2.116385852098489
3.8212577663898655,1.1191289236016213,1.8499863014298576,2.098354954846641
2.538885597092158,0.9284788405143747,1.594048000876195,2.154073182334582
2.6058732031789664,0.9530113137043777,1.5987188661236353,2.1518517510370185
2.9852577469919686,0.9900882788706372,1.7951275845410715,2.093751812513053
3.0488614060512544,1.02989257110273,1.672582292563521,2.1429240116484434
5.112941988907749,1.244415904440037,2.017816879181192,2.0812567376912736
2.2283187443615464,0.8203509543272136,1.6517579574569141,2.124534803018954
3.0483850040837095,0.993374026178588,1.7534231105506466,2.1127678273236454
1.3123816369782841,0.6217628924281792,1.2934716775239359,2.197453727422402
